/scratch/users/karoraw1@jhu.edu/THRASH_LIBS/REFERENCE_BINS/just_sequences/79712.assembled.fna /scratch/users/karoraw1@jhu.edu/THRASH_LIBS/BIN_REASSEMBLY/reassembled_bins/bin.135.strict.fa
NUCMER

[S1]	[E1]	[S2]	[E2]	[LEN 1]	[LEN 2]	[% IDY]	[LEN R]	[LEN Q]	[COV R]	[COV Q]	[TAGS]
1	10485	69073	79557	10485	10485	99.99	10485	117087	100.00	8.95	Ga0113601_1005	NODE_10_length_117087_cov_7.952316
1	10470	15970	26439	10470	10470	99.97	10470	51378	100.00	20.38	Ga0113601_1008	NODE_20_length_51378_cov_7.709390
1	1631	1631	1	1631	1631	99.45	6118	12715	26.66	12.83	Ga0113601_1019	NODE_33_length_12715_cov_5.322512
1856	6118	50326	46064	4263	4263	99.95	6118	50326	69.68	8.47	Ga0113601_1019	NODE_21_length_50326_cov_7.518470
1	5247	45884	40638	5247	5247	99.98	5247	194132	100.00	2.70	Ga0113601_1021	NODE_5_length_194132_cov_7.199118
1	3411	21014	24424	3411	3411	100.00	3411	194132	100.00	1.76	Ga0113601_1026	NODE_5_length_194132_cov_7.199118
1	5123	47299	42177	5123	5123	100.00	5123	113184	100.00	4.53	Ga0113601_1028	NODE_11_length_113184_cov_7.858268
1	4992	112495	107504	4992	4992	99.98	4992	245631	100.00	2.03	Ga0113601_1034	NODE_3_length_245631_cov_7.492141
1	4191	127807	131997	4191	4191	100.00	4191	236807	100.00	1.77	Ga0113601_1037	NODE_4_length_236807_cov_7.490721
1	3548	100271	96724	3548	3548	99.61	3548	136937	100.00	2.59	Ga0113601_1038	NODE_8_length_136937_cov_8.068368
1	4962	84358	79397	4962	4962	99.92	4962	111620	100.00	4.45	Ga0113601_1039	NODE_12_length_111620_cov_7.863891
1	3389	30112	33500	3389	3389	99.88	3389	129587	100.00	2.62	Ga0113601_1040	NODE_9_length_129587_cov_7.435047
1	3311	120980	117670	3311	3311	99.97	3311	194132	100.00	1.71	Ga0113601_1043	NODE_5_length_194132_cov_7.199118
1	4622	299503	304124	4622	4622	100.00	4622	342205	100.00	1.35	Ga0113601_1044	NODE_2_length_342205_cov_8.480978
1	21256	134432	155687	21256	21256	99.99	21256	342205	100.00	6.21	Ga0113601_1049	NODE_2_length_342205_cov_8.480978
1	6725	63026	69750	6725	6725	99.99	6725	140836	100.00	4.78	Ga0113601_1050	NODE_7_length_140836_cov_7.496573
1	3443	20228	16786	3443	3443	99.94	3443	236807	100.00	1.45	Ga0113601_1054	NODE_4_length_236807_cov_7.490721
64	3112	122611	119563	3049	3049	99.93	3112	245631	97.98	1.24	Ga0113601_1055	NODE_3_length_245631_cov_7.492141
1	16188	17558	1371	16188	16188	99.95	16188	113184	100.00	14.30	Ga0113601_1063	NODE_11_length_113184_cov_7.858268
1	12164	299588	287426	12164	12163	99.88	12164	342205	100.00	3.55	Ga0113601_1064	NODE_2_length_342205_cov_8.480978
1	12155	46337	58491	12155	12155	99.93	12155	111620	100.00	10.89	Ga0113601_1066	NODE_12_length_111620_cov_7.863891
1	4811	8509	13319	4811	4811	99.85	4811	51378	100.00	9.36	Ga0113601_1067	NODE_20_length_51378_cov_7.709390
1	13778	220653	206876	13778	13778	99.97	13778	342205	100.00	4.03	Ga0113601_1071	NODE_2_length_342205_cov_8.480978
1	7321	38251	45571	7321	7321	99.99	7321	78864	100.00	9.28	Ga0113601_1074	NODE_17_length_78864_cov_6.872109
1	7363	8950	1588	7363	7363	99.96	7363	117087	100.00	6.29	Ga0113601_1075	NODE_10_length_117087_cov_7.952316
1	4582	308774	304193	4582	4582	100.00	4582	342205	100.00	1.34	Ga0113601_1076	NODE_2_length_342205_cov_8.480978
1	3989	54776	58764	3989	3989	99.75	3990	113184	99.97	3.52	Ga0113601_1080	NODE_11_length_113184_cov_7.858268
1	3404	65166	61765	3404	3402	99.94	3404	245631	100.00	1.39	Ga0113601_1084	NODE_3_length_245631_cov_7.492141
252	9466	344194	334980	9215	9215	99.97	9466	344194	97.35	2.68	Ga0113601_1085	NODE_1_length_344194_cov_8.002999
1	9053	70958	61906	9053	9053	100.00	9053	344194	100.00	2.63	Ga0113601_1087	NODE_1_length_344194_cov_8.002999
1	4209	32283	28075	4209	4209	99.55	4209	52340	100.00	8.04	Ga0113601_1088	NODE_19_length_52340_cov_7.010022
1	3005	14979	11975	3005	3005	99.97	3005	20457	100.00	14.69	Ga0113601_1098	NODE_28_length_20457_cov_7.196745
1	4183	154953	150771	4183	4183	99.98	4183	187870	100.00	2.23	Ga0113601_1107	NODE_6_length_187870_cov_7.940931
910	4167	12520	15777	3258	3258	99.39	4167	30341	78.19	10.74	Ga0113601_1108	NODE_24_length_30341_cov_6.184144
1	18046	42223	24178	18046	18046	99.96	18046	113184	100.00	15.94	Ga0113601_1111	NODE_11_length_113184_cov_7.858268
1	3855	50033	53887	3855	3855	99.95	3855	78864	100.00	4.89	Ga0113601_1116	NODE_17_length_78864_cov_6.872109
1	7391	49571	56961	7391	7391	100.00	7391	342205	100.00	2.16	Ga0113601_1122	NODE_2_length_342205_cov_8.480978
1	3703	84945	88647	3703	3703	99.81	3703	344194	100.00	1.08	Ga0113601_1128	NODE_1_length_344194_cov_8.002999
1	3319	92854	96172	3319	3319	99.76	3319	344194	100.00	0.96	Ga0113601_1129	NODE_1_length_344194_cov_8.002999
4	3579	150376	146801	3576	3576	100.00	3579	236807	99.92	1.51	Ga0113601_1131	NODE_4_length_236807_cov_7.490721
1	3250	99299	96050	3250	3250	100.00	3250	113184	100.00	2.87	Ga0113601_1132	NODE_11_length_113184_cov_7.858268
1	4647	20717	16071	4647	4647	99.96	4647	140836	100.00	3.30	Ga0113601_1134	NODE_7_length_140836_cov_7.496573
1	9596	256191	265786	9596	9596	100.00	9596	342205	100.00	2.80	Ga0113601_1135	NODE_2_length_342205_cov_8.480978
1	8537	169360	160824	8537	8537	100.00	8537	342205	100.00	2.49	Ga0113601_1136	NODE_2_length_342205_cov_8.480978
1	6493	16459	22965	6493	6507	99.69	6493	80414	100.00	8.09	Ga0113601_1137	NODE_16_length_80414_cov_8.101731
1	9609	10415	807	9609	9609	99.99	9609	101308	100.00	9.48	Ga0113601_1139	NODE_13_length_101308_cov_8.382844
1	9597	20941	11345	9597	9597	99.94	9597	78864	100.00	12.17	Ga0113601_1140	NODE_17_length_78864_cov_6.872109
1	3305	104133	107437	3305	3305	99.91	3305	140836	100.00	2.35	Ga0113601_1142	NODE_7_length_140836_cov_7.496573
1	3479	211190	207712	3479	3479	100.00	3479	236807	100.00	1.47	Ga0113601_1145	NODE_4_length_236807_cov_7.490721
1	6882	96109	89228	6882	6882	99.99	6882	113184	100.00	6.08	Ga0113601_1146	NODE_11_length_113184_cov_7.858268
1	5378	21444	26821	5378	5378	99.96	5378	187870	100.00	2.86	Ga0113601_1154	NODE_6_length_187870_cov_7.940931
1	3425	111619	108195	3425	3425	100.00	3425	111620	100.00	3.07	Ga0113601_1155	NODE_12_length_111620_cov_7.863891
2	3750	197957	194209	3749	3749	100.00	3750	344194	99.97	1.09	Ga0113601_1158	NODE_1_length_344194_cov_8.002999
1	4796	122734	127529	4796	4796	99.94	4796	245631	100.00	1.95	Ga0113601_1160	NODE_3_length_245631_cov_7.492141
1	5771	82343	76573	5771	5771	99.98	5771	129587	100.00	4.45	Ga0113601_1161	NODE_9_length_129587_cov_7.435047
1	5416	10678	16093	5416	5416	99.96	5416	140836	100.00	3.85	Ga0113601_1168	NODE_7_length_140836_cov_7.496573
1	7842	92162	100003	7842	7842	100.00	7842	187870	100.00	4.17	Ga0113601_1171	NODE_6_length_187870_cov_7.940931
1	15716	122600	138315	15716	15716	99.97	15716	344194	100.00	4.57	Ga0113601_1172	NODE_1_length_344194_cov_8.002999
1	3684	64057	60374	3684	3684	99.73	3684	342205	100.00	1.08	Ga0113601_1173	NODE_2_length_342205_cov_8.480978
1	3311	805	4115	3311	3311	99.82	3313	129587	99.94	2.56	Ga0113601_1174	NODE_9_length_129587_cov_7.435047
1	15576	324291	308716	15576	15576	99.99	15576	342205	100.00	4.55	Ga0113601_1175	NODE_2_length_342205_cov_8.480978
1	3421	10082	13502	3421	3421	100.00	3421	194132	100.00	1.76	Ga0113601_1176	NODE_5_length_194132_cov_7.199118
1	3664	19865	16202	3664	3664	99.92	3664	52340	100.00	7.00	Ga0113601_1177	NODE_19_length_52340_cov_7.010022
1	7581	61945	54365	7581	7581	100.00	7581	344194	100.00	2.20	Ga0113601_1183	NODE_1_length_344194_cov_8.002999
1	12413	133311	120899	12413	12413	99.96	12413	194132	100.00	6.39	Ga0113601_1186	NODE_5_length_194132_cov_7.199118
1	5800	36084	30285	5800	5800	99.97	5800	245631	100.00	2.36	Ga0113601_1188	NODE_3_length_245631_cov_7.492141
1	4060	108188	104129	4060	4060	99.48	4060	111620	100.00	3.64	Ga0113601_1190	NODE_12_length_111620_cov_7.863891
1	4578	39469	44046	4578	4578	99.96	4578	101308	100.00	4.52	Ga0113601_1192	NODE_13_length_101308_cov_8.382844
1	4106	47330	51435	4106	4106	99.83	4106	113184	100.00	3.63	Ga0113601_1199	NODE_11_length_113184_cov_7.858268
1	6061	70371	76431	6061	6061	99.97	6061	129587	100.00	4.68	Ga0113601_1200	NODE_9_length_129587_cov_7.435047
2	9618	61215	51599	9617	9617	99.97	9618	187870	99.99	5.12	Ga0113601_1202	NODE_6_length_187870_cov_7.940931
1	3279	66094	69372	3279	3279	99.79	3279	98730	100.00	3.32	Ga0113601_1204	NODE_14_length_98730_cov_7.416529
1	8766	90575	81810	8766	8766	99.98	8766	245631	100.00	3.57	Ga0113601_1207	NODE_3_length_245631_cov_7.492141
1	24710	105080	129789	24710	24710	99.99	24710	342205	100.00	7.22	Ga0113601_1211	NODE_2_length_342205_cov_8.480978
1	4867	94790	89924	4867	4867	99.98	4867	194132	100.00	2.51	Ga0113601_1213	NODE_5_length_194132_cov_7.199118
1	5601	284462	290062	5601	5601	100.00	5601	344194	100.00	1.63	Ga0113601_1214	NODE_1_length_344194_cov_8.002999
1	5601	21114	26714	5601	5601	100.00	5601	140836	100.00	3.98	Ga0113601_1216	NODE_7_length_140836_cov_7.496573
1	6572	31091	24520	6572	6572	99.98	6572	56292	100.00	11.67	Ga0113601_1219	NODE_18_length_56292_cov_6.952967
4	9042	226160	235198	9039	9039	99.98	9042	344194	99.97	2.63	Ga0113601_1220	NODE_1_length_344194_cov_8.002999
1	6401	111533	117933	6401	6401	99.98	6401	129587	100.00	4.94	Ga0113601_1224	NODE_9_length_129587_cov_7.435047
1	7712	24781	17070	7712	7712	99.86	7712	35654	100.00	21.63	Ga0113601_1226	NODE_22_length_35654_cov_6.837158
1	11129	72582	61454	11129	11129	99.98	11129	136937	100.00	8.13	Ga0113601_1227	NODE_8_length_136937_cov_8.068368
1	14262	63628	77889	14262	14262	99.99	14262	111620	100.00	12.78	Ga0113601_1238	NODE_12_length_111620_cov_7.863891
1	14568	201308	186741	14568	14568	99.99	14568	236807	100.00	6.15	Ga0113601_1240	NODE_4_length_236807_cov_7.490721
1	3786	76686	72901	3786	3786	100.00	3786	187870	100.00	2.02	Ga0113601_1241	NODE_6_length_187870_cov_7.940931
1	6519	56322	49804	6519	6519	99.98	6519	140836	100.00	4.63	Ga0113601_1242	NODE_7_length_140836_cov_7.496573
40	3937	2799	6696	3898	3898	99.97	3937	140836	99.01	2.77	Ga0113601_1248	NODE_7_length_140836_cov_7.496573
1	3852	33874	37725	3852	3852	99.95	3852	78864	100.00	4.88	Ga0113601_1253	NODE_17_length_78864_cov_6.872109
1	4033	96119	92087	4033	4033	99.93	4033	136937	100.00	2.95	Ga0113601_1254	NODE_8_length_136937_cov_8.068368
1	18509	19096	37604	18509	18509	100.00	18509	117087	100.00	15.81	Ga0113601_1260	NODE_10_length_117087_cov_7.952316
1	5813	15653	21465	5813	5813	100.00	5813	187870	100.00	3.09	Ga0113601_1263	NODE_6_length_187870_cov_7.940931
1	10822	126293	115472	10822	10822	99.98	10822	187870	100.00	5.76	Ga0113601_1264	NODE_6_length_187870_cov_7.940931
1	4692	45837	50528	4692	4692	100.00	4692	194132	100.00	2.42	Ga0113601_1276	NODE_5_length_194132_cov_7.199118
1	4445	40851	36407	4445	4445	99.98	4445	245631	100.00	1.81	Ga0113601_1277	NODE_3_length_245631_cov_7.492141
1	4556	73485	78040	4556	4556	99.96	4567	80414	99.76	5.67	Ga0113601_1288	NODE_16_length_80414_cov_8.101731
1	7782	39442	31661	7782	7782	99.94	7782	80414	100.00	9.68	Ga0113601_1289	NODE_16_length_80414_cov_8.101731
1	3994	29782	33775	3994	3994	99.77	3994	236807	100.00	1.69	Ga0113601_1297	NODE_4_length_236807_cov_7.490721
1	13052	19097	32148	13052	13052	100.00	13052	98730	100.00	13.22	Ga0113601_1298	NODE_14_length_98730_cov_7.416529
1	9851	107646	117496	9851	9851	100.00	9851	140836	100.00	6.99	Ga0113601_1300	NODE_7_length_140836_cov_7.496573
1	3066	20704	23769	3066	3066	99.97	3066	245631	100.00	1.25	Ga0113601_1302	NODE_3_length_245631_cov_7.492141
1	3185	104388	107572	3185	3185	100.00	3185	245631	100.00	1.30	Ga0113601_1303	NODE_3_length_245631_cov_7.492141
1	4854	127281	122428	4854	4854	99.88	4854	140836	100.00	3.45	Ga0113601_1306	NODE_7_length_140836_cov_7.496573
1	4279	4270	8548	4279	4279	99.98	4279	342205	100.00	1.25	Ga0113601_1307	NODE_2_length_342205_cov_8.480978
1	3875	247551	251425	3875	3875	100.00	3875	342205	100.00	1.13	Ga0113601_1308	NODE_2_length_342205_cov_8.480978
1	4300	45112	40813	4300	4300	100.00	4300	245631	100.00	1.75	Ga0113601_1309	NODE_3_length_245631_cov_7.492141
1	8663	100052	108714	8663	8663	99.99	8663	194132	100.00	4.46	Ga0113601_1312	NODE_5_length_194132_cov_7.199118
1	8660	30327	38994	8660	8668	99.91	8660	342205	100.00	2.53	Ga0113601_1313	NODE_2_length_342205_cov_8.480978
1	3900	151113	147214	3900	3900	99.97	3900	245631	100.00	1.59	Ga0113601_1318	NODE_3_length_245631_cov_7.492141
1	16558	42140	25583	16558	16558	99.98	16558	87157	100.00	19.00	Ga0113601_1324	NODE_15_length_87157_cov_7.383148
1	8792	210831	202040	8792	8792	100.00	8792	245631	100.00	3.58	Ga0113601_1327	NODE_3_length_245631_cov_7.492141
1	4103	7033	2931	4103	4103	99.98	4103	236807	100.00	1.73	Ga0113601_1329	NODE_4_length_236807_cov_7.490721
1	6208	98426	92219	6208	6208	99.97	6208	245631	100.00	2.53	Ga0113601_1332	NODE_3_length_245631_cov_7.492141
1	5802	6144	343	5802	5802	100.00	5802	111620	100.00	5.20	Ga0113601_1336	NODE_12_length_111620_cov_7.863891
1	4676	92266	87591	4676	4676	99.91	4676	98730	100.00	4.74	Ga0113601_1339	NODE_14_length_98730_cov_7.416529
1	6842	251381	244540	6842	6842	99.99	6842	344194	100.00	1.99	Ga0113601_1344	NODE_1_length_344194_cov_8.002999
1	6390	84347	90736	6390	6390	99.92	6390	111620	100.00	5.72	Ga0113601_1347	NODE_12_length_111620_cov_7.863891
1	3836	306690	302855	3836	3836	100.00	3836	344194	100.00	1.11	Ga0113601_1348	NODE_1_length_344194_cov_8.002999
1	7630	175788	168159	7630	7630	99.97	7630	236807	100.00	3.22	Ga0113601_1349	NODE_4_length_236807_cov_7.490721
1	3727	137494	141220	3727	3727	100.00	3729	245631	99.95	1.52	Ga0113601_1358	NODE_3_length_245631_cov_7.492141
1	8532	12929	4398	8532	8532	99.96	8532	98730	100.00	8.64	Ga0113601_1359	NODE_14_length_98730_cov_7.416529
1	4117	13451	17567	4117	4117	99.98	4117	194132	100.00	2.12	Ga0113601_1360	NODE_5_length_194132_cov_7.199118
1	6941	45019	51959	6941	6941	99.99	6941	245631	100.00	2.83	Ga0113601_1362	NODE_3_length_245631_cov_7.492141
1	3059	67712	70770	3059	3059	99.90	3059	101308	100.00	3.02	Ga0113601_1368	NODE_13_length_101308_cov_8.382844
1	4999	23679	28677	4999	4999	99.96	4999	28683	100.00	17.43	Ga0113601_1374	NODE_25_length_28683_cov_7.621489
1	3417	3423	7	3417	3417	100.00	3417	52340	100.00	6.53	Ga0113601_1381	NODE_19_length_52340_cov_7.010022
1	3504	159000	162503	3504	3504	100.00	3504	194132	100.00	1.80	Ga0113601_1385	NODE_5_length_194132_cov_7.199118
1	5115	160814	155700	5115	5115	100.00	5115	342205	100.00	1.49	Ga0113601_1390	NODE_2_length_342205_cov_8.480978
1	3071	58238	55168	3071	3071	99.97	3071	236807	100.00	1.30	Ga0113601_1391	NODE_4_length_236807_cov_7.490721
1	7813	8966	16778	7813	7813	99.96	7813	117087	100.00	6.67	Ga0113601_1392	NODE_10_length_117087_cov_7.952316
1	15711	221481	205771	15711	15711	99.96	15711	344194	100.00	4.56	Ga0113601_1393	NODE_1_length_344194_cov_8.002999
1	17074	51642	34569	17074	17074	99.99	17074	187870	100.00	9.09	Ga0113601_1395	NODE_6_length_187870_cov_7.940931
1	3062	9578	12639	3062	3062	100.00	3062	87157	100.00	3.51	Ga0113601_1397	NODE_15_length_87157_cov_7.383148
1	3324	18653	21976	3324	3324	99.88	3324	30341	100.00	10.96	Ga0113601_1399	NODE_24_length_30341_cov_6.184144
1	4658	55495	60152	4658	4658	99.98	4658	245631	100.00	1.90	Ga0113601_1403	NODE_3_length_245631_cov_7.492141
1	5406	196792	191387	5406	5406	100.00	5406	342205	100.00	1.58	Ga0113601_1404	NODE_2_length_342205_cov_8.480978
1	3465	166652	163188	3465	3465	99.97	3465	245631	100.00	1.41	Ga0113601_1406	NODE_3_length_245631_cov_7.492141
1	3527	48076	44550	3527	3527	99.94	3527	98730	100.00	3.57	Ga0113601_1408	NODE_14_length_98730_cov_7.416529
1	4499	180813	185311	4499	4499	100.00	4499	344194	100.00	1.31	Ga0113601_1412	NODE_1_length_344194_cov_8.002999
1	4021	5285	1265	4021	4021	100.00	4021	35654	100.00	11.28	Ga0113601_1413	NODE_22_length_35654_cov_6.837158
1	4977	11475	6499	4977	4977	99.98	4977	20457	100.00	24.33	Ga0113601_1416	NODE_28_length_20457_cov_7.196745
1	6127	90522	96648	6127	6127	99.95	6127	117087	100.00	5.23	Ga0113601_1417	NODE_10_length_117087_cov_7.952316
65	3197	109190	112322	3133	3133	100.00	3197	117087	98.00	2.68	Ga0113601_1418	NODE_10_length_117087_cov_7.952316
1	6016	26759	32774	6016	6016	100.00	6016	187870	100.00	3.20	Ga0113601_1419	NODE_6_length_187870_cov_7.940931
1	7461	301275	293815	7461	7461	100.00	7461	344194	100.00	2.17	Ga0113601_1421	NODE_1_length_344194_cov_8.002999
1	3852	65046	61195	3852	3852	99.97	3852	87157	100.00	4.42	Ga0113601_1423	NODE_15_length_87157_cov_7.383148
1	5454	9824	15277	5454	5454	100.00	5454	236807	100.00	2.30	Ga0113601_1425	NODE_4_length_236807_cov_7.490721
1	5559	222910	228468	5559	5559	99.96	5559	245631	100.00	2.26	Ga0113601_1427	NODE_3_length_245631_cov_7.492141
1	5423	216582	222004	5423	5423	99.98	5423	236807	100.00	2.29	Ga0113601_1428	NODE_4_length_236807_cov_7.490721
1	9674	51193	60866	9674	9674	99.97	9674	129587	100.00	7.47	Ga0113601_1430	NODE_9_length_129587_cov_7.435047
1	4515	181376	176862	4515	4515	100.00	4515	236807	100.00	1.91	Ga0113601_1431	NODE_4_length_236807_cov_7.490721
1	3892	121092	124983	3892	3892	99.82	3892	136937	100.00	2.84	Ga0113601_1436	NODE_8_length_136937_cov_8.068368
1	24510	26801	51310	24510	24510	99.98	24510	51378	100.00	47.71	Ga0113601_1438	NODE_20_length_51378_cov_7.709390
1	4404	71137	75540	4404	4404	100.00	4404	344194	100.00	1.28	Ga0113601_1443	NODE_1_length_344194_cov_8.002999
1	11488	113892	102405	11488	11488	99.97	11488	136937	100.00	8.39	Ga0113601_1446	NODE_8_length_136937_cov_8.068368
1	7219	20829	13611	7219	7219	99.97	7219	245631	100.00	2.94	Ga0113601_1448	NODE_3_length_245631_cov_7.492141
1	6098	136259	142356	6098	6098	99.98	6098	187870	100.00	3.25	Ga0113601_1451	NODE_6_length_187870_cov_7.940931
1	4740	42693	47432	4740	4740	99.94	4740	344194	100.00	1.38	Ga0113601_1458	NODE_1_length_344194_cov_8.002999
1	3884	289972	293855	3884	3884	99.97	3884	344194	100.00	1.13	Ga0113601_1464	NODE_1_length_344194_cov_8.002999
1	5594	30564	36157	5594	5594	100.00	5594	111620	100.00	5.01	Ga0113601_1475	NODE_12_length_111620_cov_7.863891
1	8902	8513	17414	8902	8902	99.90	8902	342205	100.00	2.60	Ga0113601_1476	NODE_2_length_342205_cov_8.480978
1	5127	106411	111537	5127	5127	99.96	5127	129587	100.00	3.96	Ga0113601_1480	NODE_9_length_129587_cov_7.435047
1	6024	199547	193524	6024	6024	99.98	6024	245631	100.00	2.45	Ga0113601_1486	NODE_3_length_245631_cov_7.492141
1	3261	154313	151053	3261	3261	99.97	3261	245631	100.00	1.33	Ga0113601_1489	NODE_3_length_245631_cov_7.492141
1	8565	94782	86218	8565	8565	99.99	8565	129587	100.00	6.61	Ga0113601_1491	NODE_9_length_129587_cov_7.435047
1	3487	37448	33962	3487	3487	99.97	3487	98730	100.00	3.53	Ga0113601_1499	NODE_14_length_98730_cov_7.416529
1	3481	229061	225581	3481	3481	100.00	3481	342205	100.00	1.02	Ga0113601_1501	NODE_2_length_342205_cov_8.480978
707	1849	149511	150653	1143	1143	80.78	3196	236807	35.76	0.48	Ga0113601_1504	NODE_4_length_236807_cov_7.490721
1	5112	220540	225651	5112	5112	99.98	5112	342205	100.00	1.49	Ga0113601_1511	NODE_2_length_342205_cov_8.480978
1	5996	257395	251400	5996	5996	99.97	5996	344194	100.00	1.74	Ga0113601_1513	NODE_1_length_344194_cov_8.002999
1	4242	235138	239379	4242	4242	99.95	4242	344194	100.00	1.23	Ga0113601_1515	NODE_1_length_344194_cov_8.002999
1	5705	51481	57185	5705	5705	99.93	5705	101308	100.00	5.63	Ga0113601_1521	NODE_13_length_101308_cov_8.382844
1	5380	136323	141702	5380	5380	100.00	5380	236807	100.00	2.27	Ga0113601_1528	NODE_4_length_236807_cov_7.490721
1	6105	127462	121358	6105	6105	100.00	6105	129587	100.00	4.71	Ga0113601_1532	NODE_9_length_129587_cov_7.435047
1	4172	18004	22175	4172	4172	100.00	4172	342205	100.00	1.22	Ga0113601_1533	NODE_2_length_342205_cov_8.480978
1	5367	181503	186869	5367	5367	99.96	5367	236807	100.00	2.27	Ga0113601_1535	NODE_4_length_236807_cov_7.490721
1	3064	49277	46214	3064	3064	99.74	3064	140836	100.00	2.18	Ga0113601_1537	NODE_7_length_140836_cov_7.496573
1	5694	129157	134850	5694	5694	99.98	5694	187870	100.00	3.03	Ga0113601_1539	NODE_6_length_187870_cov_7.940931
1	3529	60436	56908	3529	3529	100.00	3529	342205	100.00	1.03	Ga0113601_1540	NODE_2_length_342205_cov_8.480978
1	3436	87361	90796	3436	3436	99.94	3436	236807	100.00	1.45	Ga0113601_1541	NODE_4_length_236807_cov_7.490721
1	9081	138253	147333	9081	9081	99.97	9081	344194	100.00	2.64	Ga0113601_1545	NODE_1_length_344194_cov_8.002999
1	4739	90454	85716	4739	4739	99.96	4739	117087	100.00	4.05	Ga0113601_1548	NODE_10_length_117087_cov_7.952316
1	8629	324254	332882	8629	8629	99.87	8629	342205	100.00	2.52	Ga0113601_1549	NODE_2_length_342205_cov_8.480978
1	6745	116993	123737	6745	6745	99.88	6895	236807	97.82	2.85	Ga0113601_1552	NODE_4_length_236807_cov_7.490721
1	13448	12952	26399	13448	13448	100.00	13448	136937	100.00	9.82	Ga0113601_1555	NODE_8_length_136937_cov_8.068368
2	5660	60225	54567	5659	5659	99.98	5660	194132	99.98	2.92	Ga0113601_1556	NODE_5_length_194132_cov_7.199118
1	3876	202133	206008	3876	3876	99.92	3876	344194	100.00	1.13	Ga0113601_1559	NODE_1_length_344194_cov_8.002999
1	3268	240792	237525	3268	3268	100.00	3268	245631	100.00	1.33	Ga0113601_1561	NODE_3_length_245631_cov_7.492141
1	4341	37392	41732	4341	4341	99.88	4341	50326	100.00	8.63	Ga0113601_1565	NODE_21_length_50326_cov_7.518470
1	4996	170248	165253	4996	4996	100.00	4997	194132	99.98	2.57	Ga0113601_1566	NODE_5_length_194132_cov_7.199118
1	5503	96218	90716	5503	5503	99.96	5503	236807	100.00	2.32	Ga0113601_1572	NODE_4_length_236807_cov_7.490721
1	7654	50100	42447	7654	7654	99.99	7654	52340	100.00	14.62	Ga0113601_1574	NODE_19_length_52340_cov_7.010022
1	3284	154261	157544	3284	3284	99.97	3284	245631	100.00	1.34	Ga0113601_1575	NODE_3_length_245631_cov_7.492141
1	4533	167666	172198	4533	4533	99.93	4533	187870	100.00	2.41	Ga0113601_1577	NODE_6_length_187870_cov_7.940931
1	4532	220840	216309	4532	4532	99.96	4532	245631	100.00	1.85	Ga0113601_1580	NODE_3_length_245631_cov_7.492141
1	5611	61164	66774	5611	5611	100.00	5611	187870	100.00	2.99	Ga0113601_1582	NODE_6_length_187870_cov_7.940931
1	4054	75281	71228	4054	4054	99.85	4054	101308	100.00	4.00	Ga0113601_1584	NODE_13_length_101308_cov_8.382844
1	14158	46213	32056	14158	14158	99.97	14158	140836	100.00	10.05	Ga0113601_1586	NODE_7_length_140836_cov_7.496573
1	3701	69123	65423	3701	3701	100.00	3701	117087	100.00	3.16	Ga0113601_1587	NODE_10_length_117087_cov_7.952316
1	10229	93902	104130	10229	10229	99.99	10229	342205	100.00	2.99	Ga0113601_1588	NODE_2_length_342205_cov_8.480978
1	16125	10814	26938	16125	16125	100.00	16125	129587	100.00	12.44	Ga0113601_1592	NODE_9_length_129587_cov_7.435047
1	7075	7075	1	7075	7075	100.00	8431	28683	83.92	24.67	Ga0113601_1593	NODE_25_length_28683_cov_7.621489
7091	8431	22	1362	1341	1341	99.70	8431	4008	15.91	33.46	Ga0113601_1593	NODE_44_length_4008_cov_6.830003
1	14634	11430	26063	14634	14634	99.97	14634	31198	100.00	46.91	Ga0113601_1594	NODE_23_length_31198_cov_7.431365
1	18797	169276	188072	18797	18797	99.98	18797	342205	100.00	5.49	Ga0113601_1599	NODE_2_length_342205_cov_8.480978
1	3810	19037	15228	3810	3810	100.00	3810	98730	100.00	3.86	Ga0113601_1602	NODE_14_length_98730_cov_7.416529
1	6643	16964	23606	6643	6643	99.97	6643	87157	100.00	7.62	Ga0113601_1607	NODE_15_length_87157_cov_7.383148
4	3566	4764	1202	3563	3563	99.86	3566	20457	99.92	17.42	Ga0113601_1610	NODE_28_length_20457_cov_7.196745
1	3772	7231	11002	3772	3772	99.95	3772	30341	100.00	12.43	Ga0113601_1611	NODE_24_length_30341_cov_6.184144
1	8054	26537	18484	8054	8054	99.98	8054	344194	100.00	2.34	Ga0113601_1615	NODE_1_length_344194_cov_8.002999
4	3722	29530	25812	3719	3719	99.62	4431	236807	83.93	1.57	Ga0113601_1616	NODE_4_length_236807_cov_7.490721
2858	4431	21752	20179	1574	1574	99.30	4431	236807	35.52	0.66	Ga0113601_1616	NODE_4_length_236807_cov_7.490721
1	10690	57083	67772	10690	10690	99.99	10690	101308	100.00	10.55	Ga0113601_1624	NODE_13_length_101308_cov_8.382844
1	7561	45843	38283	7561	7561	100.00	7561	56292	100.00	13.43	Ga0113601_1626	NODE_18_length_56292_cov_6.952967
1	3061	150154	153213	3061	3060	99.87	3061	344194	100.00	0.89	Ga0113601_1629	NODE_1_length_344194_cov_8.002999
1	3034	115344	112311	3034	3034	100.00	3034	187870	100.00	1.61	Ga0113601_1631	NODE_6_length_187870_cov_7.940931
1	8586	33990	25405	8586	8586	99.98	8586	78864	100.00	10.89	Ga0113601_1641	NODE_17_length_78864_cov_6.872109
1	3603	55541	51939	3603	3603	100.00	3603	245631	100.00	1.47	Ga0113601_1644	NODE_3_length_245631_cov_7.492141
1	3711	4619	8329	3711	3711	100.00	3711	78864	100.00	4.71	Ga0113601_1645	NODE_17_length_78864_cov_6.872109
1	5919	43212	37294	5919	5919	100.00	5919	129587	100.00	4.57	Ga0113601_1649	NODE_9_length_129587_cov_7.435047
1	4599	142633	147231	4599	4599	99.98	4599	245631	100.00	1.87	Ga0113601_1651	NODE_3_length_245631_cov_7.492141
1	3039	25872	22834	3039	3039	99.97	3039	80414	100.00	3.78	Ga0113601_1653	NODE_16_length_80414_cov_8.101731
1	6280	66408	60129	6280	6280	99.92	6280	194132	100.00	3.23	Ga0113601_1654	NODE_5_length_194132_cov_7.199118
1	13119	55566	42448	13119	13119	99.97	13119	136937	100.00	9.58	Ga0113601_1657	NODE_8_length_136937_cov_8.068368
1	9876	187350	177475	9876	9876	99.94	9876	187870	100.00	5.26	Ga0113601_1659	NODE_6_length_187870_cov_7.940931
1	6956	65126	58171	6956	6956	99.96	6956	236807	100.00	2.94	Ga0113601_1663	NODE_4_length_236807_cov_7.490721
1	3001	33491	30491	3001	3001	99.97	3001	50326	100.00	5.96	Ga0113601_1664	NODE_21_length_50326_cov_7.518470
1	3272	94736	98007	3272	3272	99.91	3272	129587	100.00	2.52	Ga0113601_1665	NODE_9_length_129587_cov_7.435047
1	7329	170243	177571	7329	7329	100.00	7329	194132	100.00	3.78	Ga0113601_1667	NODE_5_length_194132_cov_7.199118
1	9069	316484	325552	9069	9069	99.99	9069	344194	100.00	2.63	Ga0113601_1677	NODE_1_length_344194_cov_8.002999
1	3863	87705	83843	3863	3863	100.00	3863	98730	100.00	3.91	Ga0113601_1678	NODE_14_length_98730_cov_7.416529
1	8686	45362	54047	8686	8686	99.99	8686	87157	100.00	9.97	Ga0113601_1679	NODE_15_length_87157_cov_7.383148
1	6913	17284	10372	6913	6913	100.00	6913	101308	100.00	6.82	Ga0113601_1681	NODE_13_length_101308_cov_8.382844
1	4550	45538	50087	4550	4550	100.00	4550	78864	100.00	5.77	Ga0113601_1683	NODE_17_length_78864_cov_6.872109
1	3311	184481	181171	3311	3311	99.97	3311	245631	100.00	1.35	Ga0113601_1686	NODE_3_length_245631_cov_7.492141
1	3661	47424	51084	3661	3661	100.00	3661	344194	100.00	1.06	Ga0113601_1687	NODE_1_length_344194_cov_8.002999
1	6638	70376	63739	6638	6638	99.91	6640	342205	99.97	1.94	Ga0113601_1689	NODE_2_length_342205_cov_8.480978
1	7200	75522	82721	7200	7200	100.00	7200	344194	100.00	2.09	Ga0113601_1690	NODE_1_length_344194_cov_8.002999
1	3886	26400	30285	3886	3886	99.97	3886	136937	100.00	2.84	Ga0113601_1700	NODE_8_length_136937_cov_8.068368
251	3723	58602	62074	3473	3473	100.00	3723	117087	93.28	2.97	Ga0113601_1702	NODE_10_length_117087_cov_7.952316
1	3044	53717	50674	3044	3044	99.97	3044	98730	100.00	3.08	Ga0113601_1703	NODE_14_length_98730_cov_7.416529
1	4158	60636	56479	4158	4158	99.98	4158	98730	100.00	4.21	Ga0113601_1709	NODE_14_length_98730_cov_7.416529
1	7149	20802	13654	7149	7149	100.00	7151	28683	99.97	24.92	Ga0113601_1712	NODE_25_length_28683_cov_7.621489
1	7149	19813	12665	7149	7149	100.00	7149	111620	100.00	6.40	Ga0113601_1714	NODE_12_length_111620_cov_7.863891
1	6828	156144	162971	6828	6828	100.00	6828	187870	100.00	3.63	Ga0113601_1715	NODE_6_length_187870_cov_7.940931
1	6228	106197	112424	6228	6228	100.00	6230	236807	99.97	2.63	Ga0113601_1716	NODE_4_length_236807_cov_7.490721
1	6228	117622	111395	6228	6228	99.98	6228	194132	100.00	3.21	Ga0113601_1718	NODE_5_length_194132_cov_7.199118
1	3194	210768	213961	3194	3194	99.97	3194	245631	100.00	1.30	Ga0113601_1719	NODE_3_length_245631_cov_7.492141
1	5745	83199	88943	5745	5745	99.91	5745	140836	100.00	4.08	Ga0113601_1720	NODE_7_length_140836_cov_7.496573
1	4784	221438	226221	4784	4784	99.96	4784	344194	100.00	1.39	Ga0113601_1721	NODE_1_length_344194_cov_8.002999
1	4743	22092	26834	4743	4743	99.85	4743	342205	100.00	1.39	Ga0113601_1724	NODE_2_length_342205_cov_8.480978
1	4590	44838	40249	4590	4590	99.69	4590	98730	100.00	4.65	Ga0113601_1725	NODE_14_length_98730_cov_7.416529
1	10547	39080	49626	10547	10547	99.99	10547	342205	100.00	3.08	Ga0113601_1726	NODE_2_length_342205_cov_8.480978
1	7785	178434	186218	7785	7785	99.91	7785	194132	100.00	4.01	Ga0113601_1733	NODE_5_length_194132_cov_7.199118
9	5143	135668	130534	5135	5135	99.96	5143	140836	99.84	3.65	Ga0113601_1736	NODE_7_length_140836_cov_7.496573
1	6499	77874	71376	6499	6499	99.98	6499	236807	100.00	2.74	Ga0113601_1737	NODE_4_length_236807_cov_7.490721
1	19086	263544	282629	19086	19086	99.99	19086	344194	100.00	5.55	Ga0113601_1740	NODE_1_length_344194_cov_8.002999
1	9314	42481	33168	9314	9314	99.99	9314	52340	100.00	17.80	Ga0113601_1744	NODE_19_length_52340_cov_7.010022
1	3553	116450	112898	3553	3553	100.00	3553	245631	100.00	1.45	Ga0113601_1745	NODE_3_length_245631_cov_7.492141
1	7041	275412	268372	7041	7041	99.97	7041	342205	100.00	2.06	Ga0113601_1746	NODE_2_length_342205_cov_8.480978
34	7772	65758	73496	7739	7739	100.00	7772	80414	99.58	9.62	Ga0113601_1748	NODE_16_length_80414_cov_8.101731
1	4794	40879	36086	4794	4794	100.00	4794	111620	100.00	4.29	Ga0113601_1750	NODE_12_length_111620_cov_7.863891
1	8461	185100	193574	8461	8475	99.82	8461	245631	100.00	3.45	Ga0113601_1755	NODE_3_length_245631_cov_7.492141
1	3747	232750	229004	3747	3747	100.00	3747	342205	100.00	1.09	Ga0113601_1759	NODE_2_length_342205_cov_8.480978
1	10736	158931	148196	10736	10736	99.99	10736	194132	100.00	5.53	Ga0113601_1760	NODE_5_length_194132_cov_7.199118
1	12902	104	13005	12902	12902	99.98	12902	136937	100.00	9.42	Ga0113601_1769	NODE_8_length_136937_cov_8.068368
1	3019	7035	10053	3019	3019	100.00	3019	28683	100.00	10.53	Ga0113601_1771	NODE_25_length_28683_cov_7.621489
1	3666	62867	66532	3666	3666	100.00	3666	113184	100.00	3.24	Ga0113601_1772	NODE_11_length_113184_cov_7.858268
1	3397	275492	278888	3397	3397	99.74	3397	342205	100.00	0.99	Ga0113601_1776	NODE_2_length_342205_cov_8.480978
1	9114	84387	75274	9114	9114	99.97	9114	101308	100.00	9.00	Ga0113601_1777	NODE_13_length_101308_cov_8.382844
1	4639	55488	60126	4639	4639	99.98	4639	136937	100.00	3.39	Ga0113601_1779	NODE_8_length_136937_cov_8.068368
1	5339	221862	227200	5339	5339	99.94	5339	236807	100.00	2.25	Ga0113601_1782	NODE_4_length_236807_cov_7.490721
1	5060	36325	31266	5060	5060	100.00	5060	194132	100.00	2.61	Ga0113601_1785	NODE_5_length_194132_cov_7.199118
1	12268	90395	78128	12268	12268	99.99	12268	342205	100.00	3.58	Ga0113601_1787	NODE_2_length_342205_cov_8.480978
1	4461	129337	124877	4461	4461	99.87	4461	136937	100.00	3.26	Ga0113601_1789	NODE_8_length_136937_cov_8.068368
1	10116	88547	78432	10116	10116	99.96	10116	187870	100.00	5.38	Ga0113601_1791	NODE_6_length_187870_cov_7.940931
1	4680	167688	163009	4680	4680	100.00	4680	187870	100.00	2.49	Ga0113601_1793	NODE_6_length_187870_cov_7.940931
1	9637	95135	85499	9637	9637	99.99	9637	101308	100.00	9.51	Ga0113601_1794	NODE_13_length_101308_cov_8.382844
1	7271	38331	31061	7271	7271	99.96	7271	56292	100.00	12.92	Ga0113601_1795	NODE_18_length_56292_cov_6.952967
1	6482	109792	103311	6482	6482	100.00	6482	187870	100.00	3.45	Ga0113601_1797	NODE_6_length_187870_cov_7.940931
1	5722	33448	39169	5722	5722	99.97	5722	101308	100.00	5.65	Ga0113601_1804	NODE_13_length_101308_cov_8.382844
1	3393	188052	191444	3393	3393	100.00	3393	342205	100.00	0.99	Ga0113601_1807	NODE_2_length_342205_cov_8.480978
1	9531	335028	325498	9531	9531	99.99	9531	344194	100.00	2.77	Ga0113601_1811	NODE_1_length_344194_cov_8.002999
1	6978	76196	83173	6978	6978	99.99	6978	140836	100.00	4.95	Ga0113601_1816	NODE_7_length_140836_cov_7.496573
1	11101	28327	17227	11101	11101	100.00	11101	101308	100.00	10.96	Ga0113601_1817	NODE_13_length_101308_cov_8.382844
1	6888	52695	45808	6888	6888	99.96	6888	56292	100.00	12.24	Ga0113601_1820	NODE_18_length_56292_cov_6.952967
1	7707	103587	95881	7707	7707	99.78	7707	111620	100.00	6.90	Ga0113601_1821	NODE_12_length_111620_cov_7.863891
