/scratch/users/karoraw1@jhu.edu/THRASH_LIBS/REFERENCE_BINS/just_sequences/94261.assembled.fna /scratch/users/karoraw1@jhu.edu/THRASH_LIBS/BIN_REASSEMBLY/reassembled_bins/bin.24.permissive.fa
NUCMER

[S1]	[E1]	[S2]	[E2]	[LEN 1]	[LEN 2]	[% IDY]	[LEN R]	[LEN Q]	[COV R]	[COV Q]	[TAGS]
1	76269	326988	250720	76269	76269	100.00	76269	569999	100.00	13.38	Ga0136519_1001	NODE_3_length_569999_cov_9.097582
1	63356	258393	321748	63356	63356	100.00	63356	472142	100.00	13.42	Ga0136519_1002	NODE_5_length_472142_cov_8.592149
1	59815	403508	343694	59815	59815	100.00	59815	472142	100.00	12.67	Ga0136519_1003	NODE_5_length_472142_cov_8.592149
42	56377	1	56336	56336	56336	100.00	56377	520718	99.93	10.82	Ga0136519_1004	NODE_4_length_520718_cov_8.806076
1	52765	141839	89075	52765	52765	100.00	52765	253019	100.00	20.85	Ga0136519_1005	NODE_11_length_253019_cov_9.147523
1	49961	103879	153839	49961	49961	100.00	49961	569999	100.00	8.77	Ga0136519_1006	NODE_3_length_569999_cov_9.097582
1	47391	411598	364208	47391	47391	100.00	47391	464804	100.00	10.20	Ga0136519_1007	NODE_6_length_464804_cov_8.550411
1	47363	405962	453324	47363	47363	100.00	47363	569999	100.00	8.31	Ga0136519_1008	NODE_3_length_569999_cov_9.097582
1	43016	212000	168985	43016	43016	100.00	43016	569999	100.00	7.55	Ga0136519_1009	NODE_3_length_569999_cov_9.097582
1	41543	207303	248845	41543	41543	100.00	41543	647196	100.00	6.42	Ga0136519_1010	NODE_1_length_647196_cov_8.357042
1	40358	245368	285725	40358	40358	100.00	40358	520718	100.00	7.75	Ga0136519_1011	NODE_4_length_520718_cov_8.806076
1	38110	190445	228554	38110	38110	100.00	38110	464804	100.00	8.20	Ga0136519_1012	NODE_6_length_464804_cov_8.550411
1	37017	289923	326939	37017	37017	100.00	37017	634999	100.00	5.83	Ga0136519_1013	NODE_2_length_634999_cov_7.524191
1	36060	22012	58071	36060	36060	100.00	36060	647196	100.00	5.57	Ga0136519_1014	NODE_1_length_647196_cov_8.357042
1	35505	82115	46611	35505	35505	100.00	35505	464804	100.00	7.64	Ga0136519_1015	NODE_6_length_464804_cov_8.550411
1	35284	52025	16742	35284	35284	100.00	35284	253019	100.00	13.95	Ga0136519_1016	NODE_11_length_253019_cov_9.147523
1	33592	175374	141783	33592	33592	100.00	33592	253019	100.00	13.28	Ga0136519_1017	NODE_11_length_253019_cov_9.147523
1	33486	10293	43778	33486	33486	100.00	33486	43781	100.00	76.49	Ga0136519_1018	NODE_21_length_43781_cov_8.404267
37	32893	291836	258980	32857	32857	100.00	32893	291836	99.89	11.26	Ga0136519_1019	NODE_8_length_291836_cov_8.267244
1	32817	104154	136970	32817	32817	100.00	32817	261370	100.00	12.56	Ga0136519_1020	NODE_10_length_261370_cov_8.002859
1	32346	54365	22020	32346	32346	100.00	32346	55578	100.00	58.20	Ga0136519_1021	NODE_19_length_55578_cov_7.639447
1	31290	160748	192037	31290	31290	100.00	31290	472142	100.00	6.63	Ga0136519_1022	NODE_5_length_472142_cov_8.592149
1	31127	176030	144904	31127	31127	100.00	31127	291836	100.00	10.67	Ga0136519_1023	NODE_8_length_291836_cov_8.267244
1	30285	241944	211660	30285	30285	100.00	30285	253019	100.00	11.97	Ga0136519_1024	NODE_11_length_253019_cov_9.147523
1	29782	249397	219616	29782	29782	100.00	29782	569999	100.00	5.22	Ga0136519_1025	NODE_3_length_569999_cov_9.097582
1	29444	65805	95248	29444	29444	100.00	29444	99278	100.00	29.66	Ga0136519_1026	NODE_16_length_99278_cov_8.133205
1	4924	168751	163828	4924	4924	100.00	28838	277103	17.07	1.78	Ga0136519_1027	NODE_9_length_277103_cov_8.075236
4273	28838	158049	133484	24566	24566	99.99	28838	277103	85.19	8.87	Ga0136519_1027	NODE_9_length_277103_cov_8.075236
1	28644	314314	285671	28644	28644	100.00	28644	520718	100.00	5.50	Ga0136519_1028	NODE_4_length_520718_cov_8.806076
1	28165	152902	124738	28165	28165	100.00	28165	464804	100.00	6.06	Ga0136519_1029	NODE_6_length_464804_cov_8.550411
1	28090	128813	100724	28090	28090	100.00	28090	401569	100.00	7.00	Ga0136519_1030	NODE_7_length_401569_cov_7.597137
1	27897	58020	85916	27897	27897	100.00	27897	647196	100.00	4.31	Ga0136519_1031	NODE_1_length_647196_cov_8.357042
1	27651	46423	18773	27651	27651	100.00	27651	569999	100.00	4.85	Ga0136519_1032	NODE_3_length_569999_cov_9.097582
1	27433	81390	53958	27433	27433	100.00	27433	569999	100.00	4.81	Ga0136519_1033	NODE_3_length_569999_cov_9.097582
1	26965	210611	183647	26965	26965	100.00	26965	261370	100.00	10.32	Ga0136519_1034	NODE_10_length_261370_cov_8.002859
1	26423	65190	91612	26423	26423	100.00	26423	214433	100.00	12.32	Ga0136519_1035	NODE_12_length_214433_cov_7.749261
1	26259	85864	112122	26259	26259	100.00	26259	647196	100.00	4.06	Ga0136519_1036	NODE_1_length_647196_cov_8.357042
1	26123	404332	378210	26123	26123	100.00	26123	520718	100.00	5.02	Ga0136519_1037	NODE_4_length_520718_cov_8.806076
1	25702	78253	103954	25702	25702	100.00	25702	520718	100.00	4.94	Ga0136519_1038	NODE_4_length_520718_cov_8.806076
1	25553	124945	150497	25553	25553	100.00	25553	520718	100.00	4.91	Ga0136519_1039	NODE_4_length_520718_cov_8.806076
1	25165	228419	203255	25165	25165	100.00	25165	520718	100.00	4.83	Ga0136519_1040	NODE_4_length_520718_cov_8.806076
1	24956	337271	362226	24956	24956	100.00	24956	634999	100.00	3.93	Ga0136519_1041	NODE_2_length_634999_cov_7.524191
1	24638	182669	207306	24638	24638	99.99	24638	647196	100.00	3.81	Ga0136519_1042	NODE_1_length_647196_cov_8.357042
1	24492	340606	365097	24492	24492	100.00	24492	401569	100.00	6.10	Ga0136519_1043	NODE_7_length_401569_cov_7.597137
1	24449	99976	124424	24449	24449	100.00	24449	214433	100.00	11.40	Ga0136519_1044	NODE_12_length_214433_cov_7.749261
1	24247	58588	34342	24247	24247	99.99	24247	261370	100.00	9.28	Ga0136519_1045	NODE_10_length_261370_cov_8.002859
1	23987	8985	32971	23987	23987	100.00	23987	74111	100.00	32.37	Ga0136519_1046	NODE_18_length_74111_cov_7.873231
1	23546	64257	87802	23546	23546	100.00	23546	125216	100.00	18.80	Ga0136519_1047	NODE_15_length_125216_cov_7.823300
1	23415	308804	285390	23415	23415	100.00	23415	647196	100.00	3.62	Ga0136519_1048	NODE_1_length_647196_cov_8.357042
1	23380	66868	90247	23380	23380	100.00	23380	291836	100.00	8.01	Ga0136519_1049	NODE_8_length_291836_cov_8.267244
1	23247	453774	477020	23247	23247	100.00	23247	520718	100.00	4.46	Ga0136519_1050	NODE_4_length_520718_cov_8.806076
1	22412	416321	438732	22412	22412	100.00	22412	520718	100.00	4.30	Ga0136519_1051	NODE_4_length_520718_cov_8.806076
1	22265	72817	95081	22265	22265	100.00	22265	401569	100.00	5.54	Ga0136519_1052	NODE_7_length_401569_cov_7.597137
1	22209	137860	115652	22209	22209	100.00	22209	193167	100.00	11.50	Ga0136519_1053	NODE_13_length_193167_cov_8.410855
1	22055	289685	267631	22055	22055	100.00	22055	401569	100.00	5.49	Ga0136519_1054	NODE_7_length_401569_cov_7.597137
1	22016	56283	78298	22016	22016	100.00	22016	520718	100.00	4.23	Ga0136519_1055	NODE_4_length_520718_cov_8.806076
1	21980	211694	189715	21980	21980	100.00	21980	253019	100.00	8.69	Ga0136519_1056	NODE_11_length_253019_cov_9.147523
1	21973	28704	6732	21973	21973	100.00	21973	472142	100.00	4.65	Ga0136519_1057	NODE_5_length_472142_cov_8.592149
1	21563	99711	78149	21563	21563	100.00	21563	472142	100.00	4.57	Ga0136519_1058	NODE_5_length_472142_cov_8.592149
1	21282	231671	210390	21282	21282	100.00	21282	291836	100.00	7.29	Ga0136519_1059	NODE_8_length_291836_cov_8.267244
1	21270	93455	114724	21270	21270	100.00	21270	193167	100.00	11.01	Ga0136519_1060	NODE_13_length_193167_cov_8.410855
1	21060	103937	124996	21060	21060	100.00	21060	520718	100.00	4.04	Ga0136519_1061	NODE_4_length_520718_cov_8.806076
1	20795	569794	549000	20795	20795	100.00	20795	569999	100.00	3.65	Ga0136519_1062	NODE_3_length_569999_cov_9.097582
1	20332	21860	1529	20332	20332	100.00	20332	291836	100.00	6.97	Ga0136519_1063	NODE_8_length_291836_cov_8.267244
1	20061	142258	162318	20061	20061	100.00	20061	647196	100.00	3.10	Ga0136519_1064	NODE_1_length_647196_cov_8.357042
1	19973	66871	86850	19973	19980	99.96	19973	277103	100.00	7.21	Ga0136519_1065	NODE_9_length_277103_cov_8.075236
1	19632	23325	42956	19632	19632	100.00	19632	99278	100.00	19.77	Ga0136519_1066	NODE_16_length_99278_cov_8.133205
1	19593	193232	212824	19593	19593	100.00	19593	277103	100.00	7.07	Ga0136519_1067	NODE_9_length_277103_cov_8.075236
1	19560	341233	321674	19560	19560	99.99	19560	472142	100.00	4.14	Ga0136519_1068	NODE_5_length_472142_cov_8.592149
1	19348	191063	210410	19348	19348	100.00	19348	291836	100.00	6.63	Ga0136519_1069	NODE_8_length_291836_cov_8.267244
1	19305	259036	239732	19305	19305	100.00	19305	291836	100.00	6.62	Ga0136519_1070	NODE_8_length_291836_cov_8.267244
1	19229	180767	161539	19229	19229	99.99	19229	520718	100.00	3.69	Ga0136519_1071	NODE_4_length_520718_cov_8.806076
1	18991	88553	107543	18991	18991	100.00	18991	277103	100.00	6.85	Ga0136519_1072	NODE_9_length_277103_cov_8.075236
1	18886	57185	38300	18886	18886	100.00	18886	472142	100.00	4.00	Ga0136519_1073	NODE_5_length_472142_cov_8.592149
46	18880	1	18835	18835	18835	100.00	18880	569999	99.76	3.30	Ga0136519_1074	NODE_3_length_569999_cov_9.097582
1	18488	443735	462222	18488	18488	100.00	18488	634999	100.00	2.91	Ga0136519_1075	NODE_2_length_634999_cov_7.524191
1	18383	26756	45138	18383	18383	100.00	18383	464804	100.00	3.96	Ga0136519_1076	NODE_6_length_464804_cov_8.550411
1	18366	160292	178657	18366	18366	100.00	18366	464804	100.00	3.95	Ga0136519_1077	NODE_6_length_464804_cov_8.550411
1	18251	38775	20525	18251	18251	100.00	18251	164047	100.00	11.13	Ga0136519_1078	NODE_14_length_164047_cov_8.190534
1	18221	75351	93571	18221	18221	100.00	18221	164047	100.00	11.11	Ga0136519_1079	NODE_14_length_164047_cov_8.190534
1	18099	523026	504928	18099	18099	100.00	18099	647196	100.00	2.80	Ga0136519_1080	NODE_1_length_647196_cov_8.357042
1	17961	512403	494443	17961	17961	100.00	17961	520718	100.00	3.45	Ga0136519_1081	NODE_4_length_520718_cov_8.806076
1	17938	23506	41443	17938	17938	100.00	17938	401569	100.00	4.47	Ga0136519_1082	NODE_7_length_401569_cov_7.597137
1	17809	10627	28435	17809	17809	100.00	17809	35512	100.00	50.15	Ga0136519_1083	NODE_23_length_35512_cov_7.908735
1	17758	124412	142169	17758	17758	100.00	17758	214433	100.00	8.28	Ga0136519_1084	NODE_12_length_214433_cov_7.749261
1	17742	183706	165965	17742	17742	100.00	17742	261370	100.00	6.79	Ga0136519_1085	NODE_10_length_261370_cov_8.002859
1	17715	48334	66048	17715	17715	100.00	17715	193167	100.00	9.17	Ga0136519_1086	NODE_13_length_193167_cov_8.410855
1	17691	408824	426514	17691	17691	100.00	17691	647196	100.00	2.73	Ga0136519_1087	NODE_1_length_647196_cov_8.357042
1	17590	262862	280451	17590	17590	99.99	17590	464804	100.00	3.78	Ga0136519_1088	NODE_6_length_464804_cov_8.550411
1	17409	43717	26309	17409	17409	100.00	17409	291836	100.00	5.97	Ga0136519_1089	NODE_8_length_291836_cov_8.267244
1	17396	44766	27371	17396	17396	100.00	17396	79650	100.00	21.84	Ga0136519_1090	NODE_17_length_79650_cov_7.441284
1	17292	57666	74957	17292	17292	100.00	17292	253019	100.00	6.83	Ga0136519_1091	NODE_11_length_253019_cov_9.147523
1	16930	626383	609454	16930	16930	99.99	16930	647196	100.00	2.62	Ga0136519_1092	NODE_1_length_647196_cov_8.357042
1	16862	98922	82061	16862	16862	100.00	16862	464804	100.00	3.63	Ga0136519_1093	NODE_6_length_464804_cov_8.550411
1	16715	229572	212858	16715	16715	100.00	16857	277103	99.16	6.03	Ga0136519_1094	NODE_9_length_277103_cov_8.075236
1	16800	604533	587734	16800	16800	100.00	16800	647196	100.00	2.60	Ga0136519_1095	NODE_1_length_647196_cov_8.357042
46	16668	1	16623	16623	16623	100.00	16668	18444	99.73	90.13	Ga0136519_1096	NODE_26_length_18444_cov_7.785741
1	16575	462726	446152	16575	16575	100.00	16575	647196	100.00	2.56	Ga0136519_1097	NODE_1_length_647196_cov_8.357042
1	16562	643698	627137	16562	16562	100.00	16562	647196	100.00	2.56	Ga0136519_1098	NODE_1_length_647196_cov_8.357042
1	16502	479171	462670	16502	16502	100.00	16502	647196	100.00	2.55	Ga0136519_1099	NODE_1_length_647196_cov_8.357042
1	16393	25	16417	16393	16393	99.99	16393	17908	100.00	91.54	Ga0136519_1100	NODE_27_length_17908_cov_7.254131
1	16387	34224	17838	16387	16387	100.00	16387	193167	100.00	8.48	Ga0136519_1101	NODE_13_length_193167_cov_8.410855
1	16369	99653	116021	16369	16369	100.00	16369	472142	100.00	3.47	Ga0136519_1102	NODE_5_length_472142_cov_8.592149
1	16306	218947	235252	16306	16306	100.00	16306	401569	100.00	4.06	Ga0136519_1103	NODE_7_length_401569_cov_7.597137
1	16215	280798	297012	16215	16215	100.00	16215	464804	100.00	3.49	Ga0136519_1104	NODE_6_length_464804_cov_8.550411
1	16137	355609	339473	16137	16137	100.00	16137	647196	100.00	2.49	Ga0136519_1105	NODE_1_length_647196_cov_8.357042
1	16115	20346	36460	16115	16115	100.00	16115	214433	100.00	7.52	Ga0136519_1106	NODE_12_length_214433_cov_7.749261
1	15873	151978	167850	15873	15873	100.00	15873	193167	100.00	8.22	Ga0136519_1107	NODE_13_length_193167_cov_8.410855
1	15776	411572	427347	15776	15776	100.00	15776	464804	100.00	3.39	Ga0136519_1108	NODE_6_length_464804_cov_8.550411
1	15707	269735	285441	15707	15707	100.00	15707	647196	100.00	2.43	Ga0136519_1109	NODE_1_length_647196_cov_8.357042
1	15668	251563	235896	15668	15668	100.00	15668	277103	100.00	5.65	Ga0136519_1110	NODE_9_length_277103_cov_8.075236
1	15642	246267	230626	15642	15642	100.00	15642	472142	100.00	3.31	Ga0136519_1111	NODE_5_length_472142_cov_8.592149
1	15626	3309	18934	15626	15626	99.99	15626	277103	100.00	5.64	Ga0136519_1112	NODE_9_length_277103_cov_8.075236
1	15586	81432	97017	15586	15586	100.00	15586	569999	100.00	2.73	Ga0136519_1113	NODE_3_length_569999_cov_9.097582
1	15534	17345	1812	15534	15534	100.00	15534	46714	100.00	33.25	Ga0136519_1114	NODE_20_length_46714_cov_8.837572
1	15362	530953	515592	15362	15362	100.00	15362	634999	100.00	2.42	Ga0136519_1115	NODE_2_length_634999_cov_7.524191
1	15184	23520	8337	15184	15184	100.00	15184	401569	100.00	3.78	Ga0136519_1116	NODE_7_length_401569_cov_7.597137
1	15083	65972	81054	15083	15083	100.00	15083	634999	100.00	2.38	Ga0136519_1117	NODE_2_length_634999_cov_7.524191
1	14991	87770	102760	14991	14991	100.00	14991	125216	100.00	11.97	Ga0136519_1118	NODE_15_length_125216_cov_7.823300
1	1500	20341	21840	1500	1500	100.00	14547	46714	10.31	3.21	Ga0136519_1119	NODE_20_length_46714_cov_8.837572
1388	14547	21779	34938	13160	13160	100.00	14547	46714	90.47	28.17	Ga0136519_1119	NODE_20_length_46714_cov_8.837572
1	14446	175325	189770	14446	14446	100.00	14446	253019	100.00	5.71	Ga0136519_1120	NODE_11_length_253019_cov_9.147523
1	14405	403153	388749	14405	14405	100.00	14405	647196	100.00	2.23	Ga0136519_1121	NODE_1_length_647196_cov_8.357042
1	14367	296986	311352	14367	14367	100.00	14367	464804	100.00	3.09	Ga0136519_1122	NODE_6_length_464804_cov_8.550411
1	14278	158366	144089	14278	14278	100.00	14278	261370	100.00	5.46	Ga0136519_1123	NODE_10_length_261370_cov_8.002859
1	14248	74884	89131	14248	14248	100.00	14248	253019	100.00	5.63	Ga0136519_1124	NODE_11_length_253019_cov_9.147523
1	14202	34168	48369	14202	14202	100.00	14202	193167	100.00	7.35	Ga0136519_1125	NODE_13_length_193167_cov_8.410855
1	14122	66924	52803	14122	14122	100.00	14122	277103	100.00	5.10	Ga0136519_1126	NODE_9_length_277103_cov_8.075236
1	14105	403470	417574	14105	14105	100.00	14105	472142	100.00	2.99	Ga0136519_1127	NODE_5_length_472142_cov_8.592149
1	13940	616680	602741	13940	13940	100.00	13940	634999	100.00	2.20	Ga0136519_1128	NODE_2_length_634999_cov_7.524191
1	13750	244715	230966	13750	13750	100.00	13750	464804	100.00	2.96	Ga0136519_1129	NODE_6_length_464804_cov_8.550411
1	13569	103784	90216	13569	13569	100.00	13569	291836	100.00	4.65	Ga0136519_1130	NODE_8_length_291836_cov_8.267244
1	12263	264841	277103	12263	12263	99.98	13497	277103	90.86	4.43	Ga0136519_1131	NODE_9_length_277103_cov_8.075236
1	13451	64567	51117	13451	13451	100.00	13451	74111	100.00	18.15	Ga0136519_1132	NODE_18_length_74111_cov_7.873231
1	13416	133014	119599	13416	13416	100.00	13416	291836	100.00	4.60	Ga0136519_1133	NODE_8_length_291836_cov_8.267244
1	13268	129062	142329	13268	13268	100.00	13268	647196	100.00	2.05	Ga0136519_1134	NODE_1_length_647196_cov_8.357042
1	13241	229941	243181	13241	13241	100.00	13241	261370	100.00	5.07	Ga0136519_1135	NODE_10_length_261370_cov_8.002859
1	13111	34401	21291	13111	13111	100.00	13111	261370	100.00	5.02	Ga0136519_1136	NODE_10_length_261370_cov_8.002859
1	12889	327012	339900	12889	12889	100.00	12889	569999	100.00	2.26	Ga0136519_1137	NODE_3_length_569999_cov_9.097582
1	12841	339863	352703	12841	12841	99.99	12841	569999	100.00	2.25	Ga0136519_1138	NODE_3_length_569999_cov_9.097582
1	12833	394730	381898	12833	12833	100.00	12833	569999	100.00	2.25	Ga0136519_1139	NODE_3_length_569999_cov_9.097582
1	12641	248804	261444	12641	12641	100.00	12717	647196	99.40	1.95	Ga0136519_1140	NODE_1_length_647196_cov_8.357042
1	12633	489707	502339	12633	12633	100.00	12633	569999	100.00	2.22	Ga0136519_1141	NODE_3_length_569999_cov_9.097582
1	12604	91583	104186	12604	12604	100.00	12604	261370	100.00	4.82	Ga0136519_1142	NODE_10_length_261370_cov_8.002859
1	12599	378228	365630	12599	12599	100.00	12599	520718	100.00	2.42	Ga0136519_1143	NODE_4_length_520718_cov_8.806076
1	12552	192743	180192	12552	12552	100.00	12552	214433	100.00	5.85	Ga0136519_1144	NODE_12_length_214433_cov_7.749261
1	12540	192008	204547	12540	12540	100.00	12540	472142	100.00	2.66	Ga0136519_1145	NODE_5_length_472142_cov_8.592149
1	12417	55633	43217	12417	12417	99.99	12417	125216	100.00	9.92	Ga0136519_1146	NODE_15_length_125216_cov_7.823300
1	12281	197364	185084	12281	12281	100.00	12281	520718	100.00	2.36	Ga0136519_1147	NODE_4_length_520718_cov_8.806076
1	12278	96428	108705	12278	12278	99.99	12278	164047	100.00	7.48	Ga0136519_1148	NODE_14_length_164047_cov_8.190534
1	12115	55025	42911	12115	12115	100.00	12115	99278	100.00	12.20	Ga0136519_1149	NODE_16_length_99278_cov_8.133205
1	12113	416434	404321	12113	12114	99.99	12113	520718	100.00	2.33	Ga0136519_1150	NODE_4_length_520718_cov_8.806076
1	11993	341537	353529	11993	11993	100.00	11993	464804	100.00	2.58	Ga0136519_1151	NODE_6_length_464804_cov_8.550411
1	11946	176944	164999	11946	11946	100.00	11946	647196	100.00	1.85	Ga0136519_1152	NODE_1_length_647196_cov_8.357042
1	11846	159852	171697	11846	11846	100.00	11846	214433	100.00	5.52	Ga0136519_1153	NODE_12_length_214433_cov_7.749261
1	11503	193289	181787	11503	11503	100.00	11503	277103	100.00	4.15	Ga0136519_1154	NODE_9_length_277103_cov_8.075236
1	11464	49663	61126	11464	11464	100.00	11464	291836	100.00	3.93	Ga0136519_1155	NODE_8_length_291836_cov_8.267244
1	11318	152027	140710	11318	11318	100.00	11318	193167	100.00	5.86	Ga0136519_1156	NODE_13_length_193167_cov_8.410855
1	11262	108775	120036	11262	11262	100.00	11262	125216	100.00	8.99	Ga0136519_1157	NODE_15_length_125216_cov_7.823300
1	11249	255912	244664	11249	11249	100.00	11249	464804	100.00	2.42	Ga0136519_1158	NODE_6_length_464804_cov_8.550411
1	10983	134337	123355	10983	10983	100.00	10983	164047	100.00	6.70	Ga0136519_1159	NODE_14_length_164047_cov_8.190534
21	10939	1	10919	10919	10919	100.00	10939	13326	99.82	81.94	Ga0136519_1160	NODE_30_length_13326_cov_8.490543
1	10919	478061	467143	10919	10919	100.00	10919	634999	100.00	1.72	Ga0136519_1161	NODE_2_length_634999_cov_7.524191
1	10859	118258	129116	10859	10859	100.00	10859	647196	100.00	1.68	Ga0136519_1162	NODE_1_length_647196_cov_8.357042
1	10850	144942	134093	10850	10850	100.00	10850	291836	100.00	3.72	Ga0136519_1163	NODE_8_length_291836_cov_8.267244
1	10782	149837	139056	10782	10782	100.00	10782	472142	100.00	2.28	Ga0136519_1164	NODE_5_length_472142_cov_8.592149
1	10754	436871	447624	10754	10754	100.00	10754	464804	100.00	2.31	Ga0136519_1165	NODE_6_length_464804_cov_8.550411
1	10725	364225	353501	10725	10725	100.00	10725	464804	100.00	2.31	Ga0136519_1166	NODE_6_length_464804_cov_8.550411
155	2447	2293	1	2293	2293	99.83	10679	4220	21.47	54.34	Ga0136519_1167	NODE_36_length_4220_cov_8.008884
2295	10679	1	8385	8385	8385	100.00	10679	401569	78.52	2.09	Ga0136519_1167	NODE_7_length_401569_cov_7.597137
1	10632	162793	173424	10632	10632	100.00	10632	401569	100.00	2.65	Ga0136519_1168	NODE_7_length_401569_cov_7.597137
1	10628	545364	555991	10628	10628	100.00	10628	647196	100.00	1.64	Ga0136519_1169	NODE_1_length_647196_cov_8.357042
1	10583	90350	79768	10583	10583	100.00	10583	261370	100.00	4.05	Ga0136519_1170	NODE_10_length_261370_cov_8.002859
1	10528	158465	168992	10528	10528	100.00	10528	569999	100.00	1.85	Ga0136519_1171	NODE_3_length_569999_cov_9.097582
1	10484	445763	435280	10484	10484	100.00	10484	472142	100.00	2.22	Ga0136519_1172	NODE_5_length_472142_cov_8.592149
1	10411	17252	6842	10411	10411	100.00	10411	214433	100.00	4.86	Ga0136519_1173	NODE_12_length_214433_cov_7.749261
1	10406	329115	339520	10406	10406	100.00	10406	647196	100.00	1.61	Ga0136519_1174	NODE_1_length_647196_cov_8.357042
1	10285	13021	23305	10285	10285	100.00	10285	125216	100.00	8.21	Ga0136519_1175	NODE_15_length_125216_cov_7.823300
1	10281	32910	43190	10281	10281	99.98	10281	74111	100.00	13.87	Ga0136519_1176	NODE_18_length_74111_cov_7.873231
1	10279	535143	545421	10279	10279	100.00	10279	647196	100.00	1.59	Ga0136519_1177	NODE_1_length_647196_cov_8.357042
1	10223	513134	523356	10223	10223	99.99	10223	569999	100.00	1.79	Ga0136519_1178	NODE_3_length_569999_cov_9.097582
1	10215	494109	483895	10215	10215	100.00	10215	634999	100.00	1.61	Ga0136519_1179	NODE_2_length_634999_cov_7.524191
1	10212	108926	119137	10212	10212	100.00	10212	464804	100.00	2.20	Ga0136519_1180	NODE_6_length_464804_cov_8.550411
1	10162	60313	50152	10162	10162	100.00	10162	214433	100.00	4.74	Ga0136519_1181	NODE_12_length_214433_cov_7.749261
1	10155	144464	134310	10155	10155	100.00	10155	164047	100.00	6.19	Ga0136519_1182	NODE_14_length_164047_cov_8.190534
1	10147	177942	167796	10147	10147	100.00	10147	193167	100.00	5.25	Ga0136519_1183	NODE_13_length_193167_cov_8.410855
1	10119	98881	108999	10119	10119	100.00	10119	464804	100.00	2.18	Ga0136519_1184	NODE_6_length_464804_cov_8.550411
1	10084	24704	34787	10084	10084	100.00	10084	125216	100.00	8.05	Ga0136519_1185	NODE_15_length_125216_cov_7.823300
1	10053	193055	203107	10053	10053	100.00	10053	214433	100.00	4.69	Ga0136519_1186	NODE_12_length_214433_cov_7.749261
1	9775	181804	172030	9775	9775	100.00	9775	277103	100.00	3.53	Ga0136519_1187	NODE_9_length_277103_cov_8.075236
1	9761	195135	185375	9761	9761	100.00	9761	401569	100.00	2.43	Ga0136519_1188	NODE_7_length_401569_cov_7.597137
1	9740	361732	371471	9740	9740	100.00	9740	647196	100.00	1.50	Ga0136519_1189	NODE_1_length_647196_cov_8.357042
1	9650	38295	28646	9650	9650	100.00	9650	472142	100.00	2.04	Ga0136519_1190	NODE_5_length_472142_cov_8.592149
1	9608	224742	234349	9608	9608	100.00	9608	634999	100.00	1.51	Ga0136519_1191	NODE_2_length_634999_cov_7.524191
1	9583	380999	371417	9583	9583	100.00	9583	647196	100.00	1.48	Ga0136519_1192	NODE_1_length_647196_cov_8.357042
1	9452	112581	122032	9452	9452	100.00	9452	277103	100.00	3.41	Ga0136519_1193	NODE_9_length_277103_cov_8.075236
1	9438	243136	252573	9438	9438	100.00	9438	261370	100.00	3.61	Ga0136519_1194	NODE_10_length_261370_cov_8.002859
1	9417	373105	363689	9417	9417	100.00	9417	634999	100.00	1.48	Ga0136519_1195	NODE_2_length_634999_cov_7.524191
1	9324	108670	117993	9324	9324	100.00	9324	164047	100.00	5.68	Ga0136519_1196	NODE_14_length_164047_cov_8.190534
1	9304	449627	440324	9304	9304	100.00	9304	520718	100.00	1.79	Ga0136519_1197	NODE_4_length_520718_cov_8.806076
1	9282	471107	461826	9282	9282	100.00	9282	569999	100.00	1.63	Ga0136519_1198	NODE_3_length_569999_cov_9.097582
1	9196	67726	58531	9196	9196	100.00	9196	261370	100.00	3.52	Ga0136519_1199	NODE_10_length_261370_cov_8.002859
1	9060	553893	544834	9060	9060	99.99	9060	634999	100.00	1.43	Ga0136519_1200	NODE_2_length_634999_cov_7.524191
40	9057	17404	8387	9018	9018	100.00	9057	17404	99.57	51.82	Ga0136519_1201	NODE_28_length_17404_cov_8.317367
1	8981	42833	33853	8981	8981	100.00	8981	277103	100.00	3.24	Ga0136519_1202	NODE_9_length_277103_cov_8.075236
1	8928	311292	320219	8928	8928	100.00	8928	464804	100.00	1.92	Ga0136519_1203	NODE_6_length_464804_cov_8.550411
1	8891	258435	249545	8891	8891	100.00	8891	472142	100.00	1.88	Ga0136519_1204	NODE_5_length_472142_cov_8.592149
1	8886	119655	110770	8886	8886	100.00	8886	291836	100.00	3.04	Ga0136519_1205	NODE_8_length_291836_cov_8.267244
1	8884	133659	124776	8884	8884	100.00	8884	472142	100.00	1.88	Ga0136519_1206	NODE_5_length_472142_cov_8.592149
1	8837	252534	261370	8837	8837	100.00	8875	261370	99.57	3.38	Ga0136519_1207	NODE_10_length_261370_cov_8.002859
1	8808	238735	247542	8808	8808	100.00	8808	401569	100.00	2.19	Ga0136519_1208	NODE_7_length_401569_cov_7.597137
34	8807	472142	463369	8774	8774	100.00	8807	472142	99.63	1.86	Ga0136519_1209	NODE_5_length_472142_cov_8.592149
1	8807	427309	436115	8807	8807	100.00	8807	464804	100.00	1.89	Ga0136519_1210	NODE_6_length_464804_cov_8.550411
1	8802	381802	390603	8802	8802	100.00	8802	634999	100.00	1.39	Ga0136519_1211	NODE_2_length_634999_cov_7.524191
1	8753	71902	63150	8753	8753	100.00	8753	164047	100.00	5.34	Ga0136519_1212	NODE_14_length_164047_cov_8.190534
1	8729	12504	21232	8729	8729	100.00	8729	261370	100.00	3.34	Ga0136519_1213	NODE_10_length_261370_cov_8.002859
1	8729	4348	13076	8729	8729	100.00	8729	125216	100.00	6.97	Ga0136519_1214	NODE_15_length_125216_cov_7.823300
1	8723	489843	498565	8723	8723	100.00	8723	647196	100.00	1.35	Ga0136519_1215	NODE_1_length_647196_cov_8.357042
1	8703	137378	146080	8703	8703	100.00	8703	634999	100.00	1.37	Ga0136519_1216	NODE_2_length_634999_cov_7.524191
1	8652	44251	52902	8652	8652	100.00	8652	277103	100.00	3.12	Ga0136519_1217	NODE_9_length_277103_cov_8.075236
1	8627	373048	381674	8627	8627	100.00	8627	634999	100.00	1.36	Ga0136519_1218	NODE_2_length_634999_cov_7.524191
1	8620	203227	194608	8620	8620	100.00	8620	634999	100.00	1.36	Ga0136519_1219	NODE_2_length_634999_cov_7.524191
1	8595	159063	150469	8595	8595	100.00	8595	520718	100.00	1.65	Ga0136519_1220	NODE_4_length_520718_cov_8.806076
1	8545	22081	13537	8545	8545	100.00	8545	55578	100.00	15.37	Ga0136519_1221	NODE_19_length_55578_cov_7.639447
1	8526	154560	146035	8526	8526	100.00	8526	634999	100.00	1.34	Ga0136519_1222	NODE_2_length_634999_cov_7.524191
1	8520	22098	13579	8520	8520	100.00	8520	647196	100.00	1.32	Ga0136519_1223	NODE_1_length_647196_cov_8.357042
1	8494	13628	5135	8494	8494	100.00	8494	647196	100.00	1.31	Ga0136519_1224	NODE_1_length_647196_cov_8.357042
1	8462	110562	119023	8462	8462	100.00	8462	634999	100.00	1.33	Ga0136519_1225	NODE_2_length_634999_cov_7.524191
1	8430	100024	91595	8430	8430	100.00	8430	214433	100.00	3.93	Ga0136519_1226	NODE_12_length_214433_cov_7.749261
1	8338	335061	326724	8338	8338	100.00	8338	520718	100.00	1.60	Ga0136519_1227	NODE_4_length_520718_cov_8.806076
1	8306	89323	81018	8306	8306	100.00	8306	634999	100.00	1.31	Ga0136519_1228	NODE_2_length_634999_cov_7.524191
1	8226	340651	332426	8226	8226	100.00	8226	401569	100.00	2.05	Ga0136519_1229	NODE_7_length_401569_cov_7.597137
1	8199	577331	585529	8199	8199	100.00	8199	634999	100.00	1.29	Ga0136519_1230	NODE_2_length_634999_cov_7.524191
1	8187	51817	43631	8187	8187	100.00	8187	634999	100.00	1.29	Ga0136519_1231	NODE_2_length_634999_cov_7.524191
1	8179	231608	239786	8179	8179	100.00	8179	291836	100.00	2.80	Ga0136519_1232	NODE_8_length_291836_cov_8.267244
1	8116	27034	18919	8116	8116	100.00	8116	277103	100.00	2.93	Ga0136519_1233	NODE_9_length_277103_cov_8.075236
1	8083	378758	370676	8083	8083	100.00	8083	401569	100.00	2.01	Ga0136519_1234	NODE_7_length_401569_cov_7.597137
1	8042	480855	488896	8042	8042	100.00	8042	569999	100.00	1.41	Ga0136519_1235	NODE_3_length_569999_cov_9.097582
1	8011	402803	394793	8011	8011	100.00	8011	634999	100.00	1.26	Ga0136519_1236	NODE_2_length_634999_cov_7.524191
1	7970	8454	485	7970	7970	99.97	7970	35512	100.00	22.44	Ga0136519_1237	NODE_23_length_35512_cov_7.908735
1	7966	22726	14761	7966	7966	100.00	7966	28952	100.00	27.51	Ga0136519_1238	NODE_25_length_28952_cov_7.326297
1	7853	166217	158365	7853	7853	100.00	7853	634999	100.00	1.24	Ga0136519_1239	NODE_2_length_634999_cov_7.524191
1	7778	152024	159801	7778	7778	100.00	7778	164047	100.00	4.74	Ga0136519_1240	NODE_14_length_164047_cov_8.190534
1	7748	453271	461018	7748	7748	100.00	7748	569999	100.00	1.36	Ga0136519_1241	NODE_3_length_569999_cov_9.097582
1	7746	316475	308730	7746	7746	99.99	7746	647196	100.00	1.20	Ga0136519_1242	NODE_1_length_647196_cov_8.357042
1	7737	224578	216842	7737	7737	100.00	7737	634999	100.00	1.22	Ga0136519_1243	NODE_2_length_634999_cov_7.524191
1	7718	219661	211944	7718	7718	100.00	7718	569999	100.00	1.35	Ga0136519_1244	NODE_3_length_569999_cov_9.097582
1	7692	178599	186290	7692	7692	100.00	7692	464804	100.00	1.65	Ga0136519_1245	NODE_6_length_464804_cov_8.550411
1	7679	152215	159893	7679	7679	100.00	7679	214433	100.00	3.58	Ga0136519_1246	NODE_12_length_214433_cov_7.749261
1	7648	54014	46367	7648	7648	100.00	7648	569999	100.00	1.34	Ga0136519_1247	NODE_3_length_569999_cov_9.097582
1	7643	411188	418830	7643	7643	100.00	7643	634999	100.00	1.20	Ga0136519_1248	NODE_2_length_634999_cov_7.524191
1	7627	152040	144414	7627	7627	100.00	7627	164047	100.00	4.65	Ga0136519_1249	NODE_14_length_164047_cov_8.190534
1	7624	492452	484829	7624	7624	100.00	7624	520718	100.00	1.46	Ga0136519_1250	NODE_4_length_520718_cov_8.806076
1	7605	494107	501711	7605	7605	100.00	7605	634999	100.00	1.20	Ga0136519_1251	NODE_2_length_634999_cov_7.524191
1	7551	78095	70545	7551	7551	100.00	7551	472142	100.00	1.60	Ga0136519_1252	NODE_5_length_472142_cov_8.592149
1	7471	185697	193167	7471	7471	100.00	7516	193167	99.40	3.87	Ga0136519_1253	NODE_13_length_193167_cov_8.410855
1	7509	292035	299543	7509	7509	100.00	7509	401569	100.00	1.87	Ga0136519_1254	NODE_7_length_401569_cov_7.597137
1	7508	555950	563457	7508	7508	100.00	7508	647196	100.00	1.16	Ga0136519_1255	NODE_1_length_647196_cov_8.357042
1	7473	160339	152867	7473	7473	100.00	7473	464804	100.00	1.61	Ga0136519_1256	NODE_6_length_464804_cov_8.550411
1	7392	70432	77823	7392	7392	100.00	7392	261370	100.00	2.83	Ga0136519_1257	NODE_10_length_261370_cov_8.002859
1	7378	530367	522990	7378	7378	100.00	7378	647196	100.00	1.14	Ga0136519_1258	NODE_1_length_647196_cov_8.357042
1	7373	464597	457225	7373	7373	100.00	7373	464804	100.00	1.59	Ga0136519_1259	NODE_6_length_464804_cov_8.550411
1	7360	223402	216043	7360	7360	100.00	7360	261370	100.00	2.82	Ga0136519_1260	NODE_10_length_261370_cov_8.002859
1	7314	17083	9770	7314	7314	100.00	7314	164047	100.00	4.46	Ga0136519_1261	NODE_14_length_164047_cov_8.190534
1	7313	570362	563050	7313	7313	100.00	7313	634999	100.00	1.15	Ga0136519_1262	NODE_2_length_634999_cov_7.524191
1	7292	531890	524599	7292	7292	100.00	7292	569999	100.00	1.28	Ga0136519_1263	NODE_3_length_569999_cov_9.097582
428	7241	1	6814	6814	6814	99.99	7241	472142	94.10	1.44	Ga0136519_1264	NODE_5_length_472142_cov_8.592149
1	7230	336500	329271	7230	7230	100.00	7230	464804	100.00	1.56	Ga0136519_1265	NODE_6_length_464804_cov_8.550411
1	7114	14420	7307	7114	7114	100.00	7114	31767	100.00	22.39	Ga0136519_1266	NODE_24_length_31767_cov_7.911611
1	7112	446160	439049	7112	7112	99.99	7112	647196	100.00	1.10	Ga0136519_1267	NODE_1_length_647196_cov_8.357042
1	7094	211304	204211	7094	7094	100.00	7094	634999	100.00	1.12	Ga0136519_1268	NODE_2_length_634999_cov_7.524191
1	7058	255884	262941	7058	7058	100.00	7058	464804	100.00	1.52	Ga0136519_1269	NODE_6_length_464804_cov_8.550411
1	7055	506167	513221	7055	7055	100.00	7055	569999	100.00	1.24	Ga0136519_1270	NODE_3_length_569999_cov_9.097582
1	6925	6925	1	6925	6925	99.99	7032	214433	98.48	3.23	Ga0136519_1271	NODE_12_length_214433_cov_7.749261
1	6959	3026	9984	6959	6959	100.00	6959	464804	100.00	1.50	Ga0136519_1272	NODE_6_length_464804_cov_8.550411
1	6947	210277	203331	6947	6947	100.00	6947	401569	100.00	1.73	Ga0136519_1273	NODE_7_length_401569_cov_7.597137
1	6945	103911	96967	6945	6945	100.00	6945	569999	100.00	1.22	Ga0136519_1274	NODE_3_length_569999_cov_9.097582
1	6915	36425	43339	6915	6915	100.00	6915	214433	100.00	3.22	Ga0136519_1275	NODE_12_length_214433_cov_7.749261
1	6893	43301	50193	6893	6893	100.00	6893	214433	100.00	3.21	Ga0136519_1276	NODE_12_length_214433_cov_7.749261
1	6865	531456	538320	6865	6865	100.00	6865	634999	100.00	1.08	Ga0136519_1277	NODE_2_length_634999_cov_7.524191
1	6861	418889	425749	6861	6861	100.00	6861	634999	100.00	1.08	Ga0136519_1278	NODE_2_length_634999_cov_7.524191
1	6856	177395	170540	6856	6856	100.00	6856	634999	100.00	1.08	Ga0136519_1279	NODE_2_length_634999_cov_7.524191
1	6844	489658	482815	6844	6844	100.00	6844	647196	100.00	1.06	Ga0136519_1280	NODE_1_length_647196_cov_8.357042
1	6817	8906	2090	6817	6817	100.00	6817	55578	100.00	12.27	Ga0136519_1281	NODE_19_length_55578_cov_7.639447
1	6802	346765	353566	6802	6802	100.00	6802	520718	100.00	1.31	Ga0136519_1282	NODE_4_length_520718_cov_8.806076
1	6779	556153	562931	6779	6779	100.00	6779	634999	100.00	1.07	Ga0136519_1283	NODE_2_length_634999_cov_7.524191
1	6752	27135	33886	6752	6752	100.00	6752	277103	100.00	2.44	Ga0136519_1284	NODE_9_length_277103_cov_8.075236
1	6701	65988	72688	6701	6701	100.00	6701	193167	100.00	3.47	Ga0136519_1285	NODE_13_length_193167_cov_8.410855
1	6649	436860	443508	6649	6649	100.00	6649	634999	100.00	1.05	Ga0136519_1286	NODE_2_length_634999_cov_7.524191
1	6595	426478	433072	6595	6595	100.00	6595	647196	100.00	1.02	Ga0136519_1287	NODE_1_length_647196_cov_8.357042
1	6594	544866	538273	6594	6594	100.00	6594	634999	100.00	1.04	Ga0136519_1288	NODE_2_length_634999_cov_7.524191
1	6422	424391	430812	6422	6422	100.00	6486	472142	99.01	1.36	Ga0136519_1289	NODE_5_length_472142_cov_8.592149
1	9714	33974	43687	9714	9714	100.00	9714	634999	100.00	1.53	Ga0136519_1290	NODE_2_length_634999_cov_7.524191
1	6404	73146	79549	6404	6404	100.00	6404	79650	100.00	8.04	Ga0136519_1291	NODE_17_length_79650_cov_7.441284
1	6392	64464	58073	6392	6392	100.00	6392	79650	100.00	8.03	Ga0136519_1292	NODE_17_length_79650_cov_7.441284
1	6355	476989	483343	6355	6355	100.00	6355	520718	100.00	1.22	Ga0136519_1293	NODE_4_length_520718_cov_8.806076
1	6333	197055	203387	6333	6333	100.00	6333	401569	100.00	1.58	Ga0136519_1294	NODE_7_length_401569_cov_7.597137
1	6320	509310	515629	6320	6320	100.00	6320	634999	100.00	1.00	Ga0136519_1295	NODE_2_length_634999_cov_7.524191
1	6307	173924	180230	6307	6307	100.00	6307	214433	100.00	2.94	Ga0136519_1296	NODE_12_length_214433_cov_7.749261
1	6221	9034	2814	6221	6221	100.00	6221	74111	100.00	8.39	Ga0136519_1297	NODE_18_length_74111_cov_7.873231
1	6145	123185	129329	6145	6145	100.00	6145	634999	100.00	0.97	Ga0136519_1298	NODE_2_length_634999_cov_7.524191
1	6108	108855	102748	6108	6108	100.00	6108	125216	100.00	4.88	Ga0136519_1299	NODE_15_length_125216_cov_7.823300
1	6104	54115	48012	6104	6104	100.00	6104	164047	100.00	3.72	Ga0136519_1300	NODE_14_length_164047_cov_8.190534
1	6093	57994	64086	6093	6093	100.00	6093	401569	100.00	1.52	Ga0136519_1301	NODE_7_length_401569_cov_7.597137
1	6083	359616	353534	6083	6083	100.00	6083	520718	100.00	1.17	Ga0136519_1302	NODE_4_length_520718_cov_8.806076
1	6082	177898	183979	6082	6082	100.00	6082	193167	100.00	3.15	Ga0136519_1303	NODE_13_length_193167_cov_8.410855
1	6072	213450	207379	6072	6072	100.00	6072	214433	100.00	2.83	Ga0136519_1304	NODE_12_length_214433_cov_7.749261
1	6067	318259	324325	6067	6067	100.00	6067	647196	100.00	0.94	Ga0136519_1305	NODE_1_length_647196_cov_8.357042
1	6064	43645	49708	6064	6064	100.00	6064	291836	100.00	2.08	Ga0136519_1306	NODE_8_length_291836_cov_8.267244
1	6057	4010	10066	6057	6057	100.00	6057	28952	100.00	20.92	Ga0136519_1307	NODE_25_length_28952_cov_7.326297
1	6056	359573	365628	6056	6056	100.00	6056	520718	100.00	1.16	Ga0136519_1308	NODE_4_length_520718_cov_8.806076
1	6049	48062	42014	6049	6049	100.00	6049	164047	100.00	3.69	Ga0136519_1309	NODE_14_length_164047_cov_8.190534
1	5989	258904	264892	5989	5989	100.00	5989	277103	100.00	2.16	Ga0136519_1310	NODE_9_length_277103_cov_8.075236
1	5988	226371	220384	5988	5988	100.00	5988	472142	100.00	1.27	Ga0136519_1311	NODE_5_length_472142_cov_8.592149
1	5983	203292	197310	5983	5983	100.00	5983	520718	100.00	1.15	Ga0136519_1312	NODE_4_length_520718_cov_8.806076
1	5977	60037	66013	5977	5977	99.98	5977	634999	100.00	0.94	Ga0136519_1313	NODE_2_length_634999_cov_7.524191
1	5906	57212	63117	5906	5906	100.00	5906	164047	100.00	3.60	Ga0136519_1314	NODE_14_length_164047_cov_8.190534
1	5905	21525	27429	5905	5905	100.00	5905	79650	100.00	7.41	Ga0136519_1315	NODE_17_length_79650_cov_7.441284
1	5889	14375	20263	5889	5889	100.00	5889	31767	100.00	18.54	Ga0136519_1316	NODE_24_length_31767_cov_7.911611
1	5875	219004	213130	5875	5875	99.98	5875	401569	100.00	1.46	Ga0136519_1317	NODE_7_length_401569_cov_7.597137
1	5847	431571	425725	5847	5847	100.00	5847	634999	100.00	0.92	Ga0136519_1318	NODE_2_length_634999_cov_7.524191
1	5835	581955	587789	5835	5835	100.00	5835	647196	100.00	0.90	Ga0136519_1319	NODE_1_length_647196_cov_8.357042
1	5798	57740	51943	5798	5798	100.00	5798	253019	100.00	2.29	Ga0136519_1320	NODE_11_length_253019_cov_9.147523
1	5789	325947	320159	5789	5789	100.00	5789	464804	100.00	1.25	Ga0136519_1321	NODE_6_length_464804_cov_8.550411
1	5761	8442	2682	5761	5761	100.00	5761	17404	100.00	33.10	Ga0136519_1322	NODE_28_length_17404_cov_8.317367
1	5726	150374	156099	5726	5726	100.00	5726	472142	100.00	1.21	Ga0136519_1323	NODE_5_length_472142_cov_8.592149
1	5723	600905	595183	5723	5723	100.00	5723	634999	100.00	0.90	Ga0136519_1324	NODE_2_length_634999_cov_7.524191
1	5682	269769	264088	5682	5682	100.00	5682	647196	100.00	0.88	Ga0136519_1325	NODE_1_length_647196_cov_8.357042
1	5650	51149	45500	5650	5650	100.00	5650	74111	100.00	7.62	Ga0136519_1326	NODE_18_length_74111_cov_7.873231
1	5579	89288	94866	5579	5579	100.00	5579	634999	100.00	0.88	Ga0136519_1327	NODE_2_length_634999_cov_7.524191
1	5561	319516	325076	5561	5561	100.00	5561	401569	100.00	1.38	Ga0136519_1328	NODE_7_length_401569_cov_7.597137
1	5542	210561	216102	5542	5542	100.00	5542	261370	100.00	2.12	Ga0136519_1329	NODE_10_length_261370_cov_8.002859
1	5522	43279	37758	5522	5522	100.00	5522	125216	100.00	4.41	Ga0136519_1330	NODE_15_length_125216_cov_7.823300
107	5592	1	5506	5486	5506	99.64	5637	5506	97.32	100.00	Ga0136519_1331	NODE_34_length_5506_cov_8.536048
1	5497	133609	139105	5497	5497	100.00	5497	472142	100.00	1.16	Ga0136519_1332	NODE_5_length_472142_cov_8.592149
1	5464	142351	147814	5464	5464	100.00	5464	401569	100.00	1.36	Ga0136519_1333	NODE_7_length_401569_cov_7.597137
1	5433	548658	543226	5433	5433	100.00	5433	569999	100.00	0.95	Ga0136519_1334	NODE_3_length_569999_cov_9.097582
1	5412	142131	147542	5412	5412	100.00	5412	214433	100.00	2.52	Ga0136519_1335	NODE_12_length_214433_cov_7.749261
1	5412	123406	117995	5412	5412	100.00	5412	164047	100.00	3.30	Ga0136519_1336	NODE_14_length_164047_cov_8.190534
1	5393	9926	15318	5393	5393	100.00	5393	464804	100.00	1.16	Ga0136519_1337	NODE_6_length_464804_cov_8.550411
1	5355	240074	245428	5355	5355	100.00	5355	520718	100.00	1.03	Ga0136519_1338	NODE_4_length_520718_cov_8.806076
1	5354	230568	235921	5354	5354	100.00	5354	277103	100.00	1.93	Ga0136519_1339	NODE_9_length_277103_cov_8.075236
1	5346	422888	417543	5346	5346	100.00	5346	472142	100.00	1.13	Ga0136519_1340	NODE_5_length_472142_cov_8.592149
1	5345	132087	137431	5345	5345	99.98	5345	634999	100.00	0.84	Ga0136519_1341	NODE_2_length_634999_cov_7.524191
26	5325	1	5300	5300	5300	100.00	5325	43781	99.53	12.11	Ga0136519_1342	NODE_21_length_43781_cov_8.404267
44	5240	253019	247823	5197	5197	100.00	5240	253019	99.18	2.05	Ga0136519_1344	NODE_11_length_253019_cov_9.147523
1	5226	284696	289921	5226	5226	100.00	5226	634999	100.00	0.82	Ga0136519_1345	NODE_2_length_634999_cov_7.524191
1	5132	121969	127100	5132	5132	100.00	5196	277103	98.77	1.85	Ga0136519_1346	NODE_9_length_277103_cov_8.075236
1	5161	571692	566532	5161	5161	100.00	5161	647196	100.00	0.80	Ga0136519_1347	NODE_1_length_647196_cov_8.357042
1	5154	25392	20239	5154	5154	100.00	5154	31767	100.00	16.22	Ga0136519_1348	NODE_24_length_31767_cov_7.911611
1	5144	21714	16571	5144	5144	100.00	5144	634999	100.00	0.81	Ga0136519_1349	NODE_2_length_634999_cov_7.524191
1	5124	112623	107500	5124	5124	100.00	5124	277103	100.00	1.85	Ga0136519_1350	NODE_9_length_277103_cov_8.075236
1	5121	59	5179	5121	5121	100.00	5121	647196	100.00	0.79	Ga0136519_1351	NODE_1_length_647196_cov_8.357042
1	5118	258551	253434	5118	5118	100.00	5118	277103	100.00	1.85	Ga0136519_1352	NODE_9_length_277103_cov_8.075236
1	5115	30469	25355	5115	5115	99.98	5115	31767	100.00	16.10	Ga0136519_1353	NODE_24_length_31767_cov_7.911611
1	5112	5231	10342	5112	5112	100.00	5112	43781	100.00	11.68	Ga0136519_1354	NODE_21_length_43781_cov_8.404267
1	5032	59271	64302	5032	5032	100.00	5032	125216	100.00	4.02	Ga0136519_1356	NODE_15_length_125216_cov_7.823300
1	5027	69542	64516	5027	5027	100.00	5027	74111	100.00	6.78	Ga0136519_1357	NODE_18_length_74111_cov_7.873231
1	5013	604503	609515	5013	5013	100.00	5013	647196	100.00	0.77	Ga0136519_1358	NODE_1_length_647196_cov_8.357042
1	5006	8925	3920	5006	5006	100.00	5006	253019	100.00	1.98	Ga0136519_1359	NODE_11_length_253019_cov_9.147523
1	4988	509360	504373	4988	4988	100.00	4988	634999	100.00	0.79	Ga0136519_1360	NODE_2_length_634999_cov_7.524191
1	4945	8888	13832	4945	4945	100.00	4945	253019	100.00	1.95	Ga0136519_1361	NODE_11_length_253019_cov_9.147523
1	4945	8645	3701	4945	4945	99.98	4945	164047	100.00	3.01	Ga0136519_1362	NODE_14_length_164047_cov_8.190534
1	4944	7342	2399	4944	4944	100.00	4944	634999	100.00	0.78	Ga0136519_1363	NODE_2_length_634999_cov_7.524191
1	4928	54018	49091	4928	4928	100.00	4928	401569	100.00	1.23	Ga0136519_1364	NODE_7_length_401569_cov_7.597137
1	4903	279832	284734	4903	4903	100.00	4903	634999	100.00	0.77	Ga0136519_1365	NODE_2_length_634999_cov_7.524191
1	4881	49133	44253	4881	4881	99.98	4881	401569	100.00	1.22	Ga0136519_1366	NODE_7_length_401569_cov_7.597137
1	4879	223349	228227	4879	4879	100.00	4879	261370	100.00	1.87	Ga0136519_1367	NODE_10_length_261370_cov_8.002859
1	4821	182721	177901	4821	4821	100.00	4821	647196	100.00	0.74	Ga0136519_1369	NODE_1_length_647196_cov_8.357042
1	4814	147446	152259	4814	4814	99.98	4814	214433	100.00	2.24	Ga0136519_1370	NODE_12_length_214433_cov_7.749261
1	4772	10033	14804	4772	4772	100.00	4772	28952	100.00	16.48	Ga0136519_1371	NODE_25_length_28952_cov_7.326297
1	4765	158552	153788	4765	4765	100.00	4765	569999	100.00	0.84	Ga0136519_1372	NODE_3_length_569999_cov_9.097582
1	4761	95995	100755	4761	4761	100.00	4761	401569	100.00	1.19	Ga0136519_1373	NODE_7_length_401569_cov_7.597137
1	4707	4955	9661	4707	4707	100.00	4707	99278	100.00	4.74	Ga0136519_1374	NODE_16_length_99278_cov_8.133205
1	4703	436903	432201	4703	4703	100.00	4703	634999	100.00	0.74	Ga0136519_1375	NODE_2_length_634999_cov_7.524191
1	4613	370704	366092	4613	4613	100.00	4613	401569	100.00	1.15	Ga0136519_1376	NODE_7_length_401569_cov_7.597137
1	4533	384309	388841	4533	4533	100.00	4533	647196	100.00	0.70	Ga0136519_1377	NODE_1_length_647196_cov_8.357042
1	4527	133517	128991	4527	4527	100.00	4527	277103	100.00	1.63	Ga0136519_1378	NODE_9_length_277103_cov_8.075236
1	4520	435315	430796	4520	4520	100.00	4520	472142	100.00	0.96	Ga0136519_1379	NODE_5_length_472142_cov_8.592149
1	4504	21843	26346	4504	4504	100.00	4504	291836	100.00	1.54	Ga0136519_1380	NODE_8_length_291836_cov_8.267244
1	4487	118306	113820	4487	4487	100.00	4487	647196	100.00	0.69	Ga0136519_1381	NODE_1_length_647196_cov_8.357042
1	4463	337125	341587	4463	4463	100.00	4463	464804	100.00	0.96	Ga0136519_1382	NODE_6_length_464804_cov_8.550411
1	4449	180701	185149	4449	4449	99.98	4449	520718	100.00	0.85	Ga0136519_1383	NODE_4_length_520718_cov_8.806076
1	4434	357341	361774	4434	4434	100.00	4434	647196	100.00	0.69	Ga0136519_1384	NODE_1_length_647196_cov_8.357042
1	4409	226273	230681	4409	4409	100.00	4409	472142	100.00	0.93	Ga0136519_1385	NODE_5_length_472142_cov_8.592149
1	4393	84007	79629	4393	4379	99.68	4393	193167	100.00	2.27	Ga0136519_1386	NODE_13_length_193167_cov_8.410855
1	4368	342429	346796	4368	4368	100.00	4368	520718	100.00	0.84	Ga0136519_1387	NODE_4_length_520718_cov_8.806076
1	4364	616776	621139	4364	4364	100.00	4364	634999	100.00	0.69	Ga0136519_1388	NODE_2_length_634999_cov_7.524191
1	4363	275162	279524	4363	4363	100.00	4363	634999	100.00	0.69	Ga0136519_1389	NODE_2_length_634999_cov_7.524191
1	4361	577381	573021	4361	4361	100.00	4361	634999	100.00	0.69	Ga0136519_1390	NODE_2_length_634999_cov_7.524191
1	4293	159755	164047	4293	4293	100.00	4338	164047	98.96	2.62	Ga0136519_1391	NODE_14_length_164047_cov_8.190534
1	4303	207360	203058	4303	4303	100.00	4303	214433	100.00	2.01	Ga0136519_1392	NODE_12_length_214433_cov_7.749261
1	4299	390545	394843	4299	4299	100.00	4299	634999	100.00	0.68	Ga0136519_1393	NODE_2_length_634999_cov_7.524191
1	4258	7281	11538	4258	4258	100.00	4258	634999	100.00	0.67	Ga0136519_1394	NODE_2_length_634999_cov_7.524191
1	4254	246134	241881	4254	4254	100.00	4254	253019	100.00	1.68	Ga0136519_1395	NODE_11_length_253019_cov_9.147523
1	4248	453830	449583	4248	4248	100.00	4248	520718	100.00	0.82	Ga0136519_1396	NODE_4_length_520718_cov_8.806076
1	4223	119022	123244	4223	4223	100.00	4223	634999	100.00	0.67	Ga0136519_1397	NODE_2_length_634999_cov_7.524191
1	4167	118676	122842	4167	4167	100.00	4167	472142	100.00	0.88	Ga0136519_1399	NODE_5_length_472142_cov_8.592149
1	4135	137010	141144	4135	4135	100.00	4135	261370	100.00	1.58	Ga0136519_1400	NODE_10_length_261370_cov_8.002859
1	4058	59026	54969	4058	4058	100.00	4058	99278	100.00	4.09	Ga0136519_1401	NODE_16_length_99278_cov_8.133205
1	4021	61818	65838	4021	4021	99.95	4021	99278	100.00	4.05	Ga0136519_1402	NODE_16_length_99278_cov_8.133205
1	4018	407121	403104	4018	4018	100.00	4018	647196	100.00	0.62	Ga0136519_1403	NODE_1_length_647196_cov_8.357042
1	4005	152464	156468	4005	4005	100.00	4005	401569	100.00	1.00	Ga0136519_1404	NODE_7_length_401569_cov_7.597137
1	3982	22697	26678	3982	3982	100.00	3982	28952	100.00	13.75	Ga0136519_1405	NODE_25_length_28952_cov_7.326297
1	3954	433029	436982	3954	3954	100.00	3954	647196	100.00	0.61	Ga0136519_1406	NODE_1_length_647196_cov_8.357042
1	3863	3863	1	3863	3863	100.00	3908	253019	98.85	1.53	Ga0136519_1407	NODE_11_length_253019_cov_9.147523
1	3883	256572	260454	3883	3883	100.00	3883	401569	100.00	0.97	Ga0136519_1408	NODE_7_length_401569_cov_7.597137
1	3829	154515	158343	3829	3829	100.00	3829	634999	100.00	0.60	Ga0136519_1410	NODE_2_length_634999_cov_7.524191
1	3823	160812	156990	3823	3823	100.00	3823	472142	100.00	0.81	Ga0136519_1411	NODE_5_length_472142_cov_8.592149
1	3765	324267	328031	3765	3765	100.00	3765	647196	100.00	0.58	Ga0136519_1413	NODE_1_length_647196_cov_8.357042
1	3745	482886	479142	3745	3745	100.00	3745	647196	100.00	0.58	Ga0136519_1414	NODE_1_length_647196_cov_8.357042
1	3704	142384	138681	3704	3704	100.00	3704	401569	100.00	0.92	Ga0136519_1415	NODE_7_length_401569_cov_7.597137
1	3643	3643	1	3643	3643	100.00	3688	28952	98.78	12.58	Ga0136519_1416	NODE_25_length_28952_cov_7.326297
1	3612	55740	59351	3612	3612	100.00	3612	125216	100.00	2.88	Ga0136519_1418	NODE_15_length_125216_cov_7.823300
1	3597	71850	75446	3597	3597	99.94	3597	164047	100.00	2.19	Ga0136519_1419	NODE_14_length_164047_cov_8.190534
1	3583	235210	238792	3583	3583	100.00	3583	401569	100.00	0.89	Ga0136519_1420	NODE_7_length_401569_cov_7.597137
1	3531	17029	20559	3531	3531	100.00	3531	164047	100.00	2.15	Ga0136519_1422	NODE_14_length_164047_cov_8.190534
1	3518	76161	72644	3518	3518	100.00	3518	193167	100.00	1.82	Ga0136519_1423	NODE_13_length_193167_cov_8.410855
1	3498	228402	231899	3498	3498	100.00	3498	520718	100.00	0.67	Ga0136519_1424	NODE_4_length_520718_cov_8.806076
1	3458	66921	63464	3458	3458	100.00	3458	291836	100.00	1.18	Ga0136519_1425	NODE_8_length_291836_cov_8.267244
3	3446	79563	76120	3444	3444	100.00	3446	193167	99.94	1.78	Ga0136519_1426	NODE_13_length_193167_cov_8.410855
1	3432	450985	447554	3432	3432	100.00	3432	464804	100.00	0.74	Ga0136519_1428	NODE_6_length_464804_cov_8.550411
1	3410	329301	325892	3410	3410	100.00	3410	464804	100.00	0.73	Ga0136519_1429	NODE_6_length_464804_cov_8.550411
1	2990	2990	1	2990	2990	100.00	3407	464804	87.76	0.64	Ga0136519_1430	NODE_6_length_464804_cov_8.550411
1	3405	380944	384348	3405	3405	100.00	3405	647196	100.00	0.53	Ga0136519_1431	NODE_1_length_647196_cov_8.357042
1	3385	168703	172087	3385	3385	100.00	3385	277103	100.00	1.22	Ga0136519_1432	NODE_9_length_277103_cov_8.075236
1	3355	42075	38721	3355	3355	100.00	3355	164047	100.00	2.05	Ga0136519_1433	NODE_14_length_164047_cov_8.190534
1	3352	247490	250841	3352	3352	100.00	3352	401569	100.00	0.83	Ga0136519_1434	NODE_7_length_401569_cov_7.597137
1	3280	3312	33	3280	3280	100.00	3352	277103	97.85	1.18	Ga0136519_1435	NODE_9_length_277103_cov_8.075236
1	3259	174057	177315	3259	3259	100.00	3342	401569	97.52	0.81	Ga0136519_1436	NODE_7_length_401569_cov_7.597137
1	3305	533640	530336	3305	3305	100.00	3305	647196	100.00	0.51	Ga0136519_1437	NODE_1_length_647196_cov_8.357042
1	3250	58448	55199	3250	3250	100.00	3250	634999	100.00	0.51	Ga0136519_1438	NODE_2_length_634999_cov_7.524191
1	3235	248972	245738	3235	3235	100.00	3235	634999	100.00	0.51	Ga0136519_1439	NODE_2_length_634999_cov_7.524191
1	3113	17273	20385	3113	3113	100.00	3113	46714	100.00	6.66	Ga0136519_1440	NODE_20_length_46714_cov_8.837572
1	3107	66651	69757	3107	3107	100.00	3107	401569	100.00	0.77	Ga0136519_1441	NODE_7_length_401569_cov_7.597137
1	3074	72772	69699	3074	3074	100.00	3074	401569	100.00	0.77	Ga0136519_1442	NODE_7_length_401569_cov_7.597137
1	3068	54990	58057	3068	3068	100.00	3068	401569	100.00	0.76	Ga0136519_1443	NODE_7_length_401569_cov_7.597137
30	3066	125216	122180	3037	3037	100.00	3066	125216	99.05	2.43	Ga0136519_1444	NODE_15_length_125216_cov_7.823300
1	3062	34739	37800	3062	3062	100.00	3062	125216	100.00	2.45	Ga0136519_1445	NODE_15_length_125216_cov_7.823300
1	3050	141099	144148	3050	3050	100.00	3050	261370	100.00	1.17	Ga0136519_1446	NODE_10_length_261370_cov_8.002859
1	3037	31418	28382	3037	3037	100.00	3037	35512	100.00	8.55	Ga0136519_1447	NODE_23_length_35512_cov_7.908735
1	3023	16775	13753	3023	3023	100.00	3023	253019	100.00	1.19	Ga0136519_1448	NODE_11_length_253019_cov_9.147523
1	3013	149475	152487	3013	3013	100.00	3016	401569	99.90	0.75	Ga0136519_1449	NODE_7_length_401569_cov_7.597137
1	3010	210228	213237	3010	3010	100.00	3010	401569	100.00	0.75	Ga0136519_1450	NODE_7_length_401569_cov_7.597137
1	3003	12598	9596	3003	3003	100.00	3003	99278	100.00	3.02	Ga0136519_1451	NODE_16_length_99278_cov_8.133205
