/scratch/users/karoraw1@jhu.edu/THRASH_LIBS/REFERENCE_BINS/just_sequences/94261.assembled.fna /scratch/users/karoraw1@jhu.edu/THRASH_LIBS/DNA_BINS/maxbin2_bins/bin.227.fa
NUCMER

[S1]	[E1]	[S2]	[E2]	[LEN 1]	[LEN 2]	[% IDY]	[LEN R]	[LEN Q]	[COV R]	[COV Q]	[TAGS]
1	76269	161864	238132	76269	76269	100.00	76269	488851	100.00	15.60	Ga0136519_1001	NODE_10_length_488851_cov_9.247594
1	63356	258297	321652	63356	63356	100.00	63356	472087	100.00	13.42	Ga0136519_1002	NODE_11_length_472087_cov_8.598176
1	59815	403412	343598	59815	59815	100.00	59815	472087	100.00	12.67	Ga0136519_1003	NODE_11_length_472087_cov_8.598176
42	56377	1	56336	56336	56336	100.00	56377	520718	99.93	10.82	Ga0136519_1004	NODE_7_length_520718_cov_8.807590
1	52765	111181	163945	52765	52765	100.00	52765	253019	100.00	20.85	Ga0136519_1005	NODE_50_length_253019_cov_9.147835
1	49961	384973	335013	49961	49961	100.00	49961	488851	100.00	10.22	Ga0136519_1006	NODE_10_length_488851_cov_9.247594
1	47391	411598	364208	47391	47391	100.00	47391	464552	100.00	10.20	Ga0136519_1007	NODE_12_length_464552_cov_8.548105
1	47363	82890	35528	47363	47363	100.00	47363	488851	100.00	9.69	Ga0136519_1008	NODE_10_length_488851_cov_9.247594
1	43016	276852	319867	43016	43016	100.00	43016	488851	100.00	8.80	Ga0136519_1009	NODE_10_length_488851_cov_9.247594
1	41543	207200	248742	41543	41543	100.00	41543	308669	100.00	13.46	Ga0136519_1010	NODE_28_length_308669_cov_8.954075
1	40358	245368	285725	40358	40358	100.00	40358	520718	100.00	7.75	Ga0136519_1011	NODE_7_length_520718_cov_8.807590
1	38110	190445	228554	38110	38110	100.00	38110	464552	100.00	8.20	Ga0136519_1012	NODE_12_length_464552_cov_8.548105
1	37017	289931	326947	37017	37017	100.00	37017	634917	100.00	5.83	Ga0136519_1013	NODE_3_length_634917_cov_7.519880
1	36060	21909	57968	36060	36060	100.00	36060	308669	100.00	11.68	Ga0136519_1014	NODE_28_length_308669_cov_8.954075
1	35505	82115	46611	35505	35505	100.00	35505	464552	100.00	7.64	Ga0136519_1015	NODE_12_length_464552_cov_8.548105
1	35284	200995	236278	35284	35284	100.00	35284	253019	100.00	13.95	Ga0136519_1016	NODE_50_length_253019_cov_9.147835
1	33592	77646	111237	33592	33592	100.00	33592	253019	100.00	13.28	Ga0136519_1017	NODE_50_length_253019_cov_9.147835
1	33486	10286	43771	33486	33486	100.00	33486	43774	100.00	76.50	Ga0136519_1018	NODE_1432_length_43774_cov_8.406574
37	32893	291951	259095	32857	32857	100.00	32893	291951	99.89	11.25	Ga0136519_1019	NODE_34_length_291951_cov_8.302310
1	32817	104154	136970	32817	32817	100.00	32817	261370	100.00	12.56	Ga0136519_1020	NODE_47_length_261370_cov_8.003708
1	32346	54365	22020	32346	32346	100.00	32346	55578	100.00	58.20	Ga0136519_1021	NODE_962_length_55578_cov_7.637898
1	31290	160587	191876	31290	31290	100.00	31290	472087	100.00	6.63	Ga0136519_1022	NODE_11_length_472087_cov_8.598176
1	31127	176145	145019	31127	31127	100.00	31127	291951	100.00	10.66	Ga0136519_1023	NODE_34_length_291951_cov_8.302310
1	30285	11076	41360	30285	30285	100.00	30285	253019	100.00	11.97	Ga0136519_1024	NODE_50_length_253019_cov_9.147835
1	29782	239455	269236	29782	29782	100.00	29782	488851	100.00	6.09	Ga0136519_1025	NODE_10_length_488851_cov_9.247594
1	22647	22647	1	22647	22647	100.00	29444	88451	76.92	25.60	Ga0136519_1026	NODE_422_length_88451_cov_8.203708
22593	29444	9824	2973	6852	6852	100.00	29444	9824	23.27	69.75	Ga0136519_1026	NODE_10383_length_9824_cov_7.417648
1	4924	108252	113175	4924	4924	100.00	28838	148014	17.07	3.33	Ga0136519_1027	NODE_162_length_148014_cov_8.089565
4273	28838	118954	143519	24566	24566	100.00	28838	148014	85.19	16.60	Ga0136519_1027	NODE_162_length_148014_cov_8.089565
1	28644	314314	285671	28644	28644	100.00	28644	520718	100.00	5.50	Ga0136519_1028	NODE_7_length_520718_cov_8.807590
1	28165	152902	124738	28165	28165	100.00	28165	464552	100.00	6.06	Ga0136519_1029	NODE_12_length_464552_cov_8.548105
1	28090	132958	104869	28090	28090	100.00	28090	405540	100.00	6.93	Ga0136519_1030	NODE_16_length_405540_cov_7.618849
1	27897	57917	85813	27897	27897	100.00	27897	308669	100.00	9.04	Ga0136519_1031	NODE_28_length_308669_cov_8.954075
1	27651	442429	470079	27651	27651	99.99	27651	488851	100.00	5.66	Ga0136519_1032	NODE_10_length_488851_cov_9.247594
1	27433	407462	434894	27433	27433	100.00	27433	488851	100.00	5.61	Ga0136519_1033	NODE_10_length_488851_cov_9.247594
1	26965	210611	183647	26965	26965	100.00	26965	261370	100.00	10.32	Ga0136519_1034	NODE_47_length_261370_cov_8.003708
1	26423	147373	120951	26423	26423	100.00	26423	212624	100.00	12.43	Ga0136519_1035	NODE_80_length_212624_cov_7.761169
1	26259	85761	112019	26259	26259	100.00	26259	308669	100.00	8.51	Ga0136519_1036	NODE_28_length_308669_cov_8.954075
1	26123	404332	378210	26123	26123	100.00	26123	520718	100.00	5.02	Ga0136519_1037	NODE_7_length_520718_cov_8.807590
1	25702	78253	103954	25702	25702	100.00	25702	520718	100.00	4.94	Ga0136519_1038	NODE_7_length_520718_cov_8.807590
1	25553	124945	150497	25553	25553	100.00	25553	520718	100.00	4.91	Ga0136519_1039	NODE_7_length_520718_cov_8.807590
1	25165	228419	203255	25165	25165	100.00	25165	520718	100.00	4.83	Ga0136519_1040	NODE_7_length_520718_cov_8.807590
1	24956	337279	362234	24956	24956	100.00	24956	634917	100.00	3.93	Ga0136519_1041	NODE_3_length_634917_cov_7.519880
1	24638	182566	207203	24638	24638	99.99	24638	308669	100.00	7.98	Ga0136519_1042	NODE_28_length_308669_cov_8.954075
1	24492	344751	369242	24492	24492	100.00	24492	405540	100.00	6.04	Ga0136519_1043	NODE_16_length_405540_cov_7.618849
1	24449	112587	88139	24449	24449	100.00	24449	212624	100.00	11.50	Ga0136519_1044	NODE_80_length_212624_cov_7.761169
1	24247	58588	34342	24247	24247	99.99	24247	261370	100.00	9.28	Ga0136519_1045	NODE_47_length_261370_cov_8.003708
1	23987	8827	32813	23987	23987	100.00	23987	73953	100.00	32.44	Ga0136519_1046	NODE_580_length_73953_cov_7.879848
1	23546	60960	37415	23546	23546	100.00	23546	125087	100.00	18.82	Ga0136519_1047	NODE_223_length_125087_cov_7.821158
33	23415	308669	285287	23383	23383	100.00	23415	308669	99.86	7.58	Ga0136519_1048	NODE_28_length_308669_cov_8.954075
1	23380	66983	90362	23380	23380	100.00	23380	291951	100.00	8.01	Ga0136519_1049	NODE_34_length_291951_cov_8.302310
1	23247	453774	477020	23247	23247	100.00	23247	520718	100.00	4.46	Ga0136519_1050	NODE_7_length_520718_cov_8.807590
1	22412	416321	438732	22412	22412	100.00	22412	520718	100.00	4.30	Ga0136519_1051	NODE_7_length_520718_cov_8.807590
1	22265	76962	99226	22265	22265	100.00	22265	405540	100.00	5.49	Ga0136519_1052	NODE_16_length_405540_cov_7.618849
1	22209	55308	77516	22209	22209	100.00	22209	240303	100.00	9.24	Ga0136519_1053	NODE_57_length_240303_cov_8.525911
1	22055	293830	271776	22055	22055	100.00	22055	405540	100.00	5.44	Ga0136519_1054	NODE_16_length_405540_cov_7.618849
1	22016	56283	78298	22016	22016	100.00	22016	520718	100.00	4.23	Ga0136519_1055	NODE_7_length_520718_cov_8.807590
1	21980	41326	63305	21980	21980	100.00	21980	253019	100.00	8.69	Ga0136519_1056	NODE_50_length_253019_cov_9.147835
1	21973	28543	6571	21973	21973	100.00	21973	472087	100.00	4.65	Ga0136519_1057	NODE_11_length_472087_cov_8.598176
1	21563	99550	77988	21563	21563	100.00	21563	472087	100.00	4.57	Ga0136519_1058	NODE_11_length_472087_cov_8.598176
1	21282	231786	210505	21282	21282	100.00	21282	291951	100.00	7.29	Ga0136519_1059	NODE_34_length_291951_cov_8.302310
1	21270	99713	78444	21270	21270	99.98	21270	240303	100.00	8.85	Ga0136519_1060	NODE_57_length_240303_cov_8.525911
1	21060	103937	124996	21060	21060	100.00	21060	520718	100.00	4.04	Ga0136519_1061	NODE_7_length_520718_cov_8.807590
1	20795	80851	60057	20795	20795	100.00	20795	81055	100.00	25.66	Ga0136519_1062	NODE_479_length_81055_cov_8.136654
1	20332	21860	1529	20332	20332	100.00	20332	291951	100.00	6.96	Ga0136519_1063	NODE_34_length_291951_cov_8.302310
1	20061	142155	162215	20061	20061	100.00	20061	308669	100.00	6.50	Ga0136519_1064	NODE_28_length_308669_cov_8.954075
1	19973	62169	42190	19973	19980	99.96	19973	129039	100.00	15.48	Ga0136519_1065	NODE_213_length_129039_cov_8.065008
1	19632	65127	45496	19632	19632	100.00	19632	88451	100.00	22.20	Ga0136519_1066	NODE_422_length_88451_cov_8.203708
1	19593	83771	64179	19593	19593	100.00	19593	148014	100.00	13.24	Ga0136519_1067	NODE_162_length_148014_cov_8.089565
1	19560	341137	321578	19560	19560	99.99	19560	472087	100.00	4.14	Ga0136519_1068	NODE_11_length_472087_cov_8.598176
1	19348	191178	210525	19348	19348	100.00	19348	291951	100.00	6.63	Ga0136519_1069	NODE_34_length_291951_cov_8.302310
1	19305	259151	239847	19305	19305	100.00	19305	291951	100.00	6.61	Ga0136519_1070	NODE_34_length_291951_cov_8.302310
1	19229	180767	161539	19229	19229	99.99	19229	520718	100.00	3.69	Ga0136519_1071	NODE_7_length_520718_cov_8.807590
1	18991	40487	21497	18991	18991	100.00	18991	129039	100.00	14.72	Ga0136519_1072	NODE_213_length_129039_cov_8.065008
1	18886	57024	38139	18886	18886	100.00	18886	472087	100.00	4.00	Ga0136519_1073	NODE_11_length_472087_cov_8.598176
46	18880	488851	470017	18835	18835	100.00	18880	488851	99.76	3.85	Ga0136519_1074	NODE_10_length_488851_cov_9.247594
1	18488	443743	462230	18488	18488	100.00	18488	634917	100.00	2.91	Ga0136519_1075	NODE_3_length_634917_cov_7.519880
1	18383	26756	45138	18383	18383	100.00	18383	464552	100.00	3.96	Ga0136519_1076	NODE_12_length_464552_cov_8.548105
1	18366	160292	178657	18366	18366	100.00	18366	464552	100.00	3.95	Ga0136519_1077	NODE_12_length_464552_cov_8.548105
1	18251	38775	20525	18251	18251	100.00	18251	164047	100.00	11.13	Ga0136519_1078	NODE_127_length_164047_cov_8.190503
1	18221	75351	93571	18221	18221	100.00	18221	164047	100.00	11.11	Ga0136519_1079	NODE_127_length_164047_cov_8.190503
1	18099	123809	141907	18099	18099	100.00	18099	338011	100.00	5.35	Ga0136519_1080	NODE_25_length_338011_cov_7.807830
1	17961	512403	494443	17961	17961	100.00	17961	520718	100.00	3.45	Ga0136519_1081	NODE_7_length_520718_cov_8.807590
1	17938	27651	45588	17938	17938	100.00	17938	405540	100.00	4.42	Ga0136519_1082	NODE_16_length_405540_cov_7.618849
1	17809	24886	7078	17809	17809	100.00	17809	34969	100.00	50.93	Ga0136519_1083	NODE_2031_length_34969_cov_7.750874
1	17758	88151	70394	17758	17758	100.00	17758	212624	100.00	8.35	Ga0136519_1084	NODE_80_length_212624_cov_7.761169
1	17742	183706	165965	17742	17742	100.00	17742	261370	100.00	6.79	Ga0136519_1085	NODE_47_length_261370_cov_8.003708
1	17715	144834	127120	17715	17715	100.00	17715	240303	100.00	7.37	Ga0136519_1086	NODE_57_length_240303_cov_8.525911
1	17691	238011	220321	17691	17691	100.00	17691	338011	100.00	5.23	Ga0136519_1087	NODE_25_length_338011_cov_7.807830
1	17590	262862	280451	17590	17590	99.99	17590	464552	100.00	3.79	Ga0136519_1088	NODE_12_length_464552_cov_8.548105
1	17409	43717	26309	17409	17409	100.00	17409	291951	100.00	5.96	Ga0136519_1089	NODE_34_length_291951_cov_8.302310
1	17396	34739	52134	17396	17396	100.00	17396	79499	100.00	21.88	Ga0136519_1090	NODE_499_length_79499_cov_7.440335
1	17292	195354	178063	17292	17292	100.00	17292	253019	100.00	6.83	Ga0136519_1091	NODE_50_length_253019_cov_9.147835
1	16930	20452	37381	16930	16930	99.99	16930	338011	100.00	5.01	Ga0136519_1092	NODE_25_length_338011_cov_7.807830
1	16862	98922	82061	16862	16862	100.00	16862	464552	100.00	3.63	Ga0136519_1093	NODE_12_length_464552_cov_8.548105
1	16715	47431	64145	16715	16715	100.00	16857	148014	99.16	11.29	Ga0136519_1094	NODE_162_length_148014_cov_8.089565
1	16800	42302	59101	16800	16800	100.00	16800	338011	100.00	4.97	Ga0136519_1095	NODE_25_length_338011_cov_7.807830
97	16668	1	16572	16572	16572	100.00	16668	18393	99.42	90.10	Ga0136519_1096	NODE_4765_length_18393_cov_7.765296
1	16575	184109	200683	16575	16575	100.00	16575	338011	100.00	4.90	Ga0136519_1097	NODE_25_length_338011_cov_7.807830
1	16562	3137	19698	16562	16562	100.00	16562	338011	100.00	4.90	Ga0136519_1098	NODE_25_length_338011_cov_7.807830
1	16502	167664	184165	16502	16502	100.00	16502	338011	100.00	4.88	Ga0136519_1099	NODE_25_length_338011_cov_7.807830
46	16393	1	16348	16348	16348	100.00	16393	17839	99.73	91.64	Ga0136519_1100	NODE_4967_length_17839_cov_7.204678
1	16387	158944	175330	16387	16387	100.00	16387	240303	100.00	6.82	Ga0136519_1101	NODE_57_length_240303_cov_8.525911
1	16369	99492	115860	16369	16369	100.00	16369	472087	100.00	3.47	Ga0136519_1102	NODE_11_length_472087_cov_8.598176
1	16306	223092	239397	16306	16306	100.00	16306	405540	100.00	4.02	Ga0136519_1103	NODE_16_length_405540_cov_7.618849
1	16215	280798	297012	16215	16215	100.00	16215	464552	100.00	3.49	Ga0136519_1104	NODE_12_length_464552_cov_8.548105
1	16137	291235	307371	16137	16137	100.00	16137	338011	100.00	4.77	Ga0136519_1105	NODE_25_length_338011_cov_7.807830
1	16115	192217	176103	16115	16115	100.00	16115	212624	100.00	7.58	Ga0136519_1106	NODE_80_length_212624_cov_7.761169
1	15873	41190	25318	15873	15873	100.00	15873	240303	100.00	6.61	Ga0136519_1107	NODE_57_length_240303_cov_8.525911
1	15776	411572	427347	15776	15776	100.00	15776	464552	100.00	3.40	Ga0136519_1108	NODE_12_length_464552_cov_8.548105
1	15707	269632	285338	15707	15707	100.00	15707	308669	100.00	5.09	Ga0136519_1109	NODE_28_length_308669_cov_8.954075
1	15668	25440	41107	15668	15668	100.00	15668	148014	100.00	10.59	Ga0136519_1110	NODE_162_length_148014_cov_8.089565
1	15642	246171	230530	15642	15642	100.00	15642	472087	100.00	3.31	Ga0136519_1111	NODE_11_length_472087_cov_8.598176
1	15626	125731	110106	15626	15626	99.99	15626	129039	100.00	12.11	Ga0136519_1112	NODE_213_length_129039_cov_8.065008
1	15586	407420	391835	15586	15586	100.00	15586	488851	100.00	3.19	Ga0136519_1113	NODE_10_length_488851_cov_9.247594
1	15534	222959	238492	15534	15534	100.00	15534	240303	100.00	6.46	Ga0136519_1114	NODE_57_length_240303_cov_8.525911
1	15362	530961	515600	15362	15362	100.00	15362	634917	100.00	2.42	Ga0136519_1115	NODE_3_length_634917_cov_7.519880
1	15184	27665	12482	15184	15184	100.00	15184	405540	100.00	3.74	Ga0136519_1116	NODE_16_length_405540_cov_7.618849
1	15083	65980	81062	15083	15083	100.00	15083	634917	100.00	2.38	Ga0136519_1117	NODE_3_length_634917_cov_7.519880
1	14991	37447	22457	14991	14991	100.00	14991	125087	100.00	11.98	Ga0136519_1118	NODE_223_length_125087_cov_7.821158
1	1500	219963	218450	1500	1514	99.08	14547	240303	10.31	0.63	Ga0136519_1119	NODE_57_length_240303_cov_8.525911
1388	14547	218511	205352	13160	13160	100.00	14547	240303	90.47	5.48	Ga0136519_1119	NODE_57_length_240303_cov_8.525911
1	14446	77695	63250	14446	14446	100.00	14446	253019	100.00	5.71	Ga0136519_1120	NODE_50_length_253019_cov_9.147835
1	14405	243691	258095	14405	14405	100.00	14405	338011	100.00	4.26	Ga0136519_1121	NODE_25_length_338011_cov_7.807830
1	14367	296986	311352	14367	14367	100.00	14367	464552	100.00	3.09	Ga0136519_1122	NODE_12_length_464552_cov_8.548105
1	14278	158366	144089	14278	14278	100.00	14278	261370	100.00	5.46	Ga0136519_1123	NODE_47_length_261370_cov_8.003708
1	14248	178136	163889	14248	14248	100.00	14248	253019	100.00	5.63	Ga0136519_1124	NODE_50_length_253019_cov_9.147835
1	14202	159000	144799	14202	14202	100.00	14202	240303	100.00	5.91	Ga0136519_1125	NODE_57_length_240303_cov_8.525911
1	14122	62116	76237	14122	14122	100.00	14122	129039	100.00	10.94	Ga0136519_1126	NODE_213_length_129039_cov_8.065008
1	14105	403374	417478	14105	14105	100.00	14105	472087	100.00	2.99	Ga0136519_1127	NODE_11_length_472087_cov_8.598176
1	13940	616688	602749	13940	13940	100.00	13940	634917	100.00	2.20	Ga0136519_1128	NODE_3_length_634917_cov_7.519880
1	13750	244715	230966	13750	13750	100.00	13750	464552	100.00	2.96	Ga0136519_1129	NODE_12_length_464552_cov_8.548105
1	13569	103899	90331	13569	13569	100.00	13569	291951	100.00	4.65	Ga0136519_1130	NODE_34_length_291951_cov_8.302310
1	12162	12162	1	12162	12162	100.00	13497	148014	90.11	8.22	Ga0136519_1131	NODE_162_length_148014_cov_8.089565
1	13451	64409	50959	13451	13451	100.00	13451	73953	100.00	18.19	Ga0136519_1132	NODE_580_length_73953_cov_7.879848
1	13416	133129	119714	13416	13416	100.00	13416	291951	100.00	4.60	Ga0136519_1133	NODE_34_length_291951_cov_8.302310
1	13268	128959	142226	13268	13268	100.00	13268	308669	100.00	4.30	Ga0136519_1134	NODE_28_length_308669_cov_8.954075
1	13241	229941	243181	13241	13241	100.00	13241	261370	100.00	5.07	Ga0136519_1135	NODE_47_length_261370_cov_8.003708
1	13111	34401	21291	13111	13111	100.00	13111	261370	100.00	5.02	Ga0136519_1136	NODE_47_length_261370_cov_8.003708
1	12889	161840	148952	12889	12889	100.00	12889	488851	100.00	2.64	Ga0136519_1137	NODE_10_length_488851_cov_9.247594
1	12841	148989	136149	12841	12841	99.99	12841	488851	100.00	2.63	Ga0136519_1138	NODE_10_length_488851_cov_9.247594
1	12833	94122	106954	12833	12833	100.00	12833	488851	100.00	2.63	Ga0136519_1139	NODE_10_length_488851_cov_9.247594
1	12641	248701	261341	12641	12641	100.00	12717	308669	99.40	4.10	Ga0136519_1140	NODE_28_length_308669_cov_8.954075
1	12633	764	13396	12633	12633	100.00	12633	81055	100.00	15.59	Ga0136519_1141	NODE_479_length_81055_cov_8.136654
1	12604	91583	104186	12604	12604	100.00	12604	261370	100.00	4.82	Ga0136519_1142	NODE_47_length_261370_cov_8.003708
1	12599	378228	365630	12599	12599	100.00	12599	520718	100.00	2.42	Ga0136519_1143	NODE_7_length_520718_cov_8.807590
1	12552	19820	32371	12552	12552	100.00	12552	212624	100.00	5.90	Ga0136519_1144	NODE_80_length_212624_cov_7.761169
1	12540	191847	204386	12540	12540	100.00	12540	472087	100.00	2.66	Ga0136519_1145	NODE_11_length_472087_cov_8.598176
1	12417	69584	82000	12417	12417	99.99	12417	125087	100.00	9.93	Ga0136519_1146	NODE_223_length_125087_cov_7.821158
1	12281	197364	185084	12281	12281	100.00	12281	520718	100.00	2.36	Ga0136519_1147	NODE_7_length_520718_cov_8.807590
1	12278	96428	108705	12278	12278	99.99	12278	164047	100.00	7.48	Ga0136519_1148	NODE_127_length_164047_cov_8.190503
1	12115	33427	45541	12115	12115	100.00	12115	88451	100.00	13.70	Ga0136519_1149	NODE_422_length_88451_cov_8.203708
1	12113	416434	404321	12113	12114	99.99	12113	520718	100.00	2.33	Ga0136519_1150	NODE_7_length_520718_cov_8.807590
1	11993	341537	353529	11993	11993	100.00	11993	464552	100.00	2.58	Ga0136519_1151	NODE_12_length_464552_cov_8.548105
1	11946	176841	164896	11946	11946	100.00	11946	308669	100.00	3.87	Ga0136519_1152	NODE_28_length_308669_cov_8.954075
1	11846	52711	40866	11846	11846	100.00	11846	212624	100.00	5.57	Ga0136519_1153	NODE_80_length_212624_cov_7.761169
1	11503	83714	95216	11503	11503	100.00	11503	148014	100.00	7.77	Ga0136519_1154	NODE_162_length_148014_cov_8.089565
13	11464	49790	61241	11452	11452	100.00	11464	291951	99.90	3.92	Ga0136519_1155	NODE_34_length_291951_cov_8.302310
1	11318	41141	52458	11318	11318	100.00	11318	240303	100.00	4.71	Ga0136519_1156	NODE_57_length_240303_cov_8.525911
1	11262	16442	5181	11262	11262	100.00	11262	125087	100.00	9.00	Ga0136519_1157	NODE_223_length_125087_cov_7.821158
1	11249	255912	244664	11249	11249	100.00	11249	464552	100.00	2.42	Ga0136519_1158	NODE_12_length_464552_cov_8.548105
1	10983	134337	123355	10983	10983	100.00	10983	164047	100.00	6.70	Ga0136519_1159	NODE_127_length_164047_cov_8.190503
21	10939	1	10919	10919	10919	100.00	10939	13326	99.82	81.94	Ga0136519_1160	NODE_7187_length_13326_cov_8.490845
1	10919	478069	467151	10919	10919	100.00	10919	634917	100.00	1.72	Ga0136519_1161	NODE_3_length_634917_cov_7.519880
1	10859	118155	129013	10859	10859	100.00	10859	308669	100.00	3.52	Ga0136519_1162	NODE_28_length_308669_cov_8.954075
1	10850	145057	134208	10850	10850	100.00	10850	291951	100.00	3.72	Ga0136519_1163	NODE_34_length_291951_cov_8.302310
1	10782	149676	138895	10782	10782	100.00	10782	472087	100.00	2.28	Ga0136519_1164	NODE_11_length_472087_cov_8.598176
1	10754	436871	447624	10754	10754	100.00	10754	464552	100.00	2.31	Ga0136519_1165	NODE_12_length_464552_cov_8.548105
1	10725	364225	353501	10725	10725	100.00	10725	464552	100.00	2.31	Ga0136519_1166	NODE_12_length_464552_cov_8.548105
1	10679	1852	12530	10679	10679	100.00	10679	405540	100.00	2.63	Ga0136519_1167	NODE_16_length_405540_cov_7.618849
1	10632	166938	177569	10632	10632	100.00	10632	405540	100.00	2.62	Ga0136519_1168	NODE_16_length_405540_cov_7.618849
1	10628	101471	90844	10628	10628	100.00	10628	338011	100.00	3.14	Ga0136519_1169	NODE_25_length_338011_cov_7.807830
1	10583	90350	79768	10583	10583	100.00	10583	261370	100.00	4.05	Ga0136519_1170	NODE_47_length_261370_cov_8.003708
1	10528	330387	319860	10528	10528	100.00	10528	488851	100.00	2.15	Ga0136519_1171	NODE_10_length_488851_cov_9.247594
1	10484	445676	435184	10484	10493	99.90	10484	472087	100.00	2.22	Ga0136519_1172	NODE_11_length_472087_cov_8.598176
1	10411	195311	205721	10411	10411	100.00	10411	212624	100.00	4.90	Ga0136519_1173	NODE_80_length_212624_cov_7.761169
1	10406	317729	307324	10406	10406	100.00	10406	338011	100.00	3.08	Ga0136519_1174	NODE_25_length_338011_cov_7.807830
1	10285	112196	101912	10285	10285	100.00	10285	125087	100.00	8.22	Ga0136519_1175	NODE_223_length_125087_cov_7.821158
1	10281	32752	43032	10281	10281	99.98	10281	73953	100.00	13.90	Ga0136519_1176	NODE_580_length_73953_cov_7.879848
1	10279	111692	101414	10279	10279	100.00	10279	338011	100.00	3.04	Ga0136519_1177	NODE_25_length_338011_cov_7.807830
1	10223	24191	34413	10223	10223	99.99	10223	81055	100.00	12.61	Ga0136519_1178	NODE_479_length_81055_cov_8.136654
1	10215	494117	483903	10215	10215	100.00	10215	634917	100.00	1.61	Ga0136519_1179	NODE_3_length_634917_cov_7.519880
1	10212	108926	119137	10212	10212	100.00	10212	464552	100.00	2.20	Ga0136519_1180	NODE_12_length_464552_cov_8.548105
1	10162	152250	162411	10162	10162	100.00	10162	212624	100.00	4.78	Ga0136519_1181	NODE_80_length_212624_cov_7.761169
1	10155	144464	134310	10155	10155	100.00	10155	164047	100.00	6.19	Ga0136519_1182	NODE_127_length_164047_cov_8.190503
1	10147	15226	25372	10147	10147	100.00	10147	240303	100.00	4.22	Ga0136519_1183	NODE_57_length_240303_cov_8.525911
1	10119	98881	108999	10119	10119	100.00	10119	464552	100.00	2.18	Ga0136519_1184	NODE_12_length_464552_cov_8.548105
1	10084	100513	90430	10084	10084	100.00	10084	125087	100.00	8.06	Ga0136519_1185	NODE_223_length_125087_cov_7.821158
1	10053	19508	9456	10053	10053	100.00	10053	212624	100.00	4.73	Ga0136519_1186	NODE_80_length_212624_cov_7.761169
1	9775	95199	104973	9775	9775	100.00	9775	148014	100.00	6.60	Ga0136519_1187	NODE_162_length_148014_cov_8.089565
1	9761	199280	189520	9761	9761	100.00	9761	405540	100.00	2.41	Ga0136519_1188	NODE_16_length_405540_cov_7.618849
1	9740	285112	275373	9740	9740	100.00	9740	338011	100.00	2.88	Ga0136519_1189	NODE_25_length_338011_cov_7.807830
1	9650	38134	28485	9650	9650	100.00	9650	472087	100.00	2.04	Ga0136519_1190	NODE_11_length_472087_cov_8.598176
1	9608	224750	234357	9608	9608	100.00	9608	634917	100.00	1.51	Ga0136519_1191	NODE_3_length_634917_cov_7.519880
1	9583	265845	275427	9583	9583	100.00	9583	338011	100.00	2.84	Ga0136519_1192	NODE_25_length_338011_cov_7.807830
1	9452	16459	7008	9452	9452	100.00	9452	129039	100.00	7.32	Ga0136519_1193	NODE_213_length_129039_cov_8.065008
1	9438	243136	252573	9438	9438	100.00	9438	261370	100.00	3.61	Ga0136519_1194	NODE_47_length_261370_cov_8.003708
1	9417	373113	363697	9417	9417	100.00	9417	634917	100.00	1.48	Ga0136519_1195	NODE_3_length_634917_cov_7.519880
1	9324	108670	117993	9324	9324	100.00	9324	164047	100.00	5.68	Ga0136519_1196	NODE_127_length_164047_cov_8.190503
1	9304	449627	440324	9304	9304	100.00	9304	520718	100.00	1.79	Ga0136519_1197	NODE_7_length_520718_cov_8.807590
1	9282	17745	27026	9282	9282	100.00	9282	488851	100.00	1.90	Ga0136519_1198	NODE_10_length_488851_cov_9.247594
1	9196	67726	58531	9196	9196	100.00	9196	261370	100.00	3.52	Ga0136519_1199	NODE_47_length_261370_cov_8.003708
1	9060	553901	544842	9060	9060	99.99	9060	634917	100.00	1.43	Ga0136519_1200	NODE_3_length_634917_cov_7.519880
40	9057	1	9018	9018	9018	100.00	9057	17404	99.57	51.82	Ga0136519_1201	NODE_5118_length_17404_cov_8.316099
1	8981	86207	95187	8981	8981	100.00	8981	129039	100.00	6.96	Ga0136519_1202	NODE_213_length_129039_cov_8.065008
1	8928	311292	320219	8928	8928	100.00	8928	464552	100.00	1.92	Ga0136519_1203	NODE_12_length_464552_cov_8.548105
1	8891	258339	249449	8891	8891	100.00	8891	472087	100.00	1.88	Ga0136519_1204	NODE_11_length_472087_cov_8.598176
1	8886	119770	110885	8886	8886	100.00	8886	291951	100.00	3.04	Ga0136519_1205	NODE_34_length_291951_cov_8.302310
1	8884	133498	124615	8884	8884	100.00	8884	472087	100.00	1.88	Ga0136519_1206	NODE_11_length_472087_cov_8.598176
1	8837	252534	261370	8837	8837	100.00	8875	261370	99.57	3.38	Ga0136519_1207	NODE_47_length_261370_cov_8.003708
1	8808	242880	251687	8808	8808	100.00	8808	405540	100.00	2.17	Ga0136519_1208	NODE_16_length_405540_cov_7.618849
2	8807	472087	463282	8806	8806	100.00	8807	472087	99.99	1.87	Ga0136519_1209	NODE_11_length_472087_cov_8.598176
1	8807	427309	436115	8807	8807	100.00	8807	464552	100.00	1.90	Ga0136519_1210	NODE_12_length_464552_cov_8.548105
1	8802	381810	390611	8802	8802	100.00	8802	634917	100.00	1.39	Ga0136519_1211	NODE_3_length_634917_cov_7.519880
1	8753	71902	63150	8753	8753	100.00	8753	164047	100.00	5.34	Ga0136519_1212	NODE_127_length_164047_cov_8.190503
1	8729	12504	21232	8729	8729	100.00	8729	261370	100.00	3.34	Ga0136519_1213	NODE_47_length_261370_cov_8.003708
1	8729	120869	112141	8729	8729	100.00	8729	125087	100.00	6.98	Ga0136519_1214	NODE_223_length_125087_cov_7.821158
1	8723	156992	148270	8723	8723	100.00	8723	338011	100.00	2.58	Ga0136519_1215	NODE_25_length_338011_cov_7.807830
1	8703	137386	146088	8703	8703	100.00	8703	634917	100.00	1.37	Ga0136519_1216	NODE_3_length_634917_cov_7.519880
1	8652	84789	76138	8652	8652	100.00	8652	129039	100.00	6.70	Ga0136519_1217	NODE_213_length_129039_cov_8.065008
1	8627	373056	381682	8627	8627	100.00	8627	634917	100.00	1.36	Ga0136519_1218	NODE_3_length_634917_cov_7.519880
1	8620	203235	194616	8620	8620	100.00	8620	634917	100.00	1.36	Ga0136519_1219	NODE_3_length_634917_cov_7.519880
1	8595	159063	150469	8595	8595	99.99	8595	520718	100.00	1.65	Ga0136519_1220	NODE_7_length_520718_cov_8.807590
1	8545	22081	13537	8545	8545	100.00	8545	55578	100.00	15.37	Ga0136519_1221	NODE_962_length_55578_cov_7.637898
1	8526	154568	146043	8526	8526	100.00	8526	634917	100.00	1.34	Ga0136519_1222	NODE_3_length_634917_cov_7.519880
1	8520	21995	13476	8520	8520	100.00	8520	308669	100.00	2.76	Ga0136519_1223	NODE_28_length_308669_cov_8.954075
1	8494	13525	5032	8494	8494	100.00	8494	308669	100.00	2.75	Ga0136519_1224	NODE_28_length_308669_cov_8.954075
1	8462	110570	119031	8462	8462	100.00	8462	634917	100.00	1.33	Ga0136519_1225	NODE_3_length_634917_cov_7.519880
1	8430	112539	120968	8430	8430	100.00	8430	212624	100.00	3.96	Ga0136519_1226	NODE_80_length_212624_cov_7.761169
1	8338	335061	326724	8338	8338	100.00	8338	520718	100.00	1.60	Ga0136519_1227	NODE_7_length_520718_cov_8.807590
1	8306	89331	81026	8306	8306	100.00	8306	634917	100.00	1.31	Ga0136519_1228	NODE_3_length_634917_cov_7.519880
1	8226	344796	336571	8226	8226	100.00	8226	405540	100.00	2.03	Ga0136519_1229	NODE_16_length_405540_cov_7.618849
1	8199	577339	585537	8199	8199	100.00	8199	634917	100.00	1.29	Ga0136519_1230	NODE_3_length_634917_cov_7.519880
1	8187	51817	43631	8187	8187	100.00	8187	634917	100.00	1.29	Ga0136519_1231	NODE_3_length_634917_cov_7.519880
1	8179	231723	239901	8179	8179	100.00	8179	291951	100.00	2.80	Ga0136519_1232	NODE_34_length_291951_cov_8.302310
1	8116	102006	110121	8116	8116	100.00	8116	129039	100.00	6.29	Ga0136519_1233	NODE_213_length_129039_cov_8.065008
1	8083	382903	374821	8083	8083	100.00	8083	405540	100.00	1.99	Ga0136519_1234	NODE_16_length_405540_cov_7.618849
1	7997	7997	1	7997	7997	100.00	8042	488851	99.44	1.64	Ga0136519_1235	NODE_10_length_488851_cov_9.247594
1	8011	402811	394801	8011	8011	100.00	8011	634917	100.00	1.26	Ga0136519_1236	NODE_3_length_634917_cov_7.519880
1	7911	27059	34969	7911	7911	100.00	7970	34969	99.26	22.62	Ga0136519_1237	NODE_2031_length_34969_cov_7.750874
1	7966	22726	14761	7966	7966	100.00	7966	29092	100.00	27.38	Ga0136519_1238	NODE_2608_length_29092_cov_7.406550
1	7853	166225	158373	7853	7853	100.00	7853	634917	100.00	1.24	Ga0136519_1239	NODE_3_length_634917_cov_7.519880
1	7778	152024	159801	7778	7778	100.00	7778	164047	100.00	4.74	Ga0136519_1240	NODE_127_length_164047_cov_8.190503
1	7748	35581	27834	7748	7748	100.00	7748	488851	100.00	1.58	Ga0136519_1241	NODE_10_length_488851_cov_9.247594
1	7643	330369	338011	7643	7643	100.00	7746	338011	98.67	2.26	Ga0136519_1242	NODE_25_length_338011_cov_7.807830
1	7737	224586	216850	7737	7737	100.00	7737	634917	100.00	1.22	Ga0136519_1243	NODE_3_length_634917_cov_7.519880
1	7718	269191	276908	7718	7718	100.00	7718	488851	100.00	1.58	Ga0136519_1244	NODE_10_length_488851_cov_9.247594
1	7692	178599	186290	7692	7692	100.00	7692	464552	100.00	1.66	Ga0136519_1245	NODE_12_length_464552_cov_8.548105
1	7679	60348	52670	7679	7679	100.00	7679	212624	100.00	3.61	Ga0136519_1246	NODE_80_length_212624_cov_7.761169
1	7648	434838	442485	7648	7648	100.00	7648	488851	100.00	1.56	Ga0136519_1247	NODE_10_length_488851_cov_9.247594
1	7643	411196	418838	7643	7643	100.00	7643	634917	100.00	1.20	Ga0136519_1248	NODE_3_length_634917_cov_7.519880
1	7627	152040	144414	7627	7627	100.00	7627	164047	100.00	4.65	Ga0136519_1249	NODE_127_length_164047_cov_8.190503
1	7624	492452	484829	7624	7624	100.00	7624	520718	100.00	1.46	Ga0136519_1250	NODE_7_length_520718_cov_8.807590
1	7605	494115	501719	7605	7605	100.00	7605	634917	100.00	1.20	Ga0136519_1251	NODE_3_length_634917_cov_7.519880
1	7551	77934	70384	7551	7551	100.00	7551	472087	100.00	1.60	Ga0136519_1252	NODE_11_length_472087_cov_8.598176
1	7471	7471	1	7471	7471	100.00	7516	240303	99.40	3.11	Ga0136519_1253	NODE_57_length_240303_cov_8.525911
1	7509	296180	303688	7509	7509	100.00	7509	405540	100.00	1.85	Ga0136519_1254	NODE_16_length_405540_cov_7.618849
1	7508	90885	83378	7508	7508	100.00	7508	338011	100.00	2.22	Ga0136519_1255	NODE_25_length_338011_cov_7.807830
1	7473	160339	152867	7473	7473	100.00	7473	464552	100.00	1.61	Ga0136519_1256	NODE_12_length_464552_cov_8.548105
1	7392	70432	77823	7392	7392	100.00	7392	261370	100.00	2.83	Ga0136519_1257	NODE_47_length_261370_cov_8.003708
1	7378	116468	123845	7378	7378	100.00	7378	338011	100.00	2.18	Ga0136519_1258	NODE_25_length_338011_cov_7.807830
46	7373	464552	457225	7328	7328	100.00	7373	464552	99.39	1.58	Ga0136519_1259	NODE_12_length_464552_cov_8.548105
1	7360	223402	216043	7360	7360	100.00	7360	261370	100.00	2.82	Ga0136519_1260	NODE_47_length_261370_cov_8.003708
1	7314	17083	9770	7314	7314	100.00	7314	164047	100.00	4.46	Ga0136519_1261	NODE_127_length_164047_cov_8.190503
1	7313	570370	563058	7313	7313	100.00	7313	634917	100.00	1.15	Ga0136519_1262	NODE_3_length_634917_cov_7.519880
1	7292	42947	35656	7292	7292	100.00	7292	81055	100.00	9.00	Ga0136519_1263	NODE_479_length_81055_cov_8.136654
589	7241	1	6653	6653	6653	99.98	7241	472087	91.88	1.41	Ga0136519_1264	NODE_11_length_472087_cov_8.598176
1	7230	336500	329271	7230	7230	100.00	7230	464552	100.00	1.56	Ga0136519_1265	NODE_12_length_464552_cov_8.548105
1	7114	14420	7307	7114	7114	100.00	7114	31767	100.00	22.39	Ga0136519_1266	NODE_2317_length_31767_cov_7.912273
1	7112	200675	207786	7112	7112	99.99	7112	338011	100.00	2.10	Ga0136519_1267	NODE_25_length_338011_cov_7.807830
1	7094	211312	204219	7094	7094	100.00	7094	634917	100.00	1.12	Ga0136519_1268	NODE_3_length_634917_cov_7.519880
1	7058	255884	262941	7058	7058	100.00	7058	464552	100.00	1.52	Ga0136519_1269	NODE_12_length_464552_cov_8.548105
1	7055	17224	24278	7055	7055	100.00	7055	81055	100.00	8.70	Ga0136519_1270	NODE_479_length_81055_cov_8.136654
1	6987	205638	212624	6987	6987	99.99	7032	212624	99.36	3.29	Ga0136519_1271	NODE_80_length_212624_cov_7.761169
1	6959	3026	9984	6959	6959	100.00	6959	464552	100.00	1.50	Ga0136519_1272	NODE_12_length_464552_cov_8.548105
1	6947	214422	207476	6947	6947	100.00	6947	405540	100.00	1.71	Ga0136519_1273	NODE_16_length_405540_cov_7.618849
1	6945	384941	391885	6945	6945	100.00	6945	488851	100.00	1.42	Ga0136519_1274	NODE_10_length_488851_cov_9.247594
1	6915	176138	169224	6915	6915	100.00	6915	212624	100.00	3.25	Ga0136519_1275	NODE_80_length_212624_cov_7.761169
1	6893	169262	162370	6893	6893	100.00	6893	212624	100.00	3.24	Ga0136519_1276	NODE_80_length_212624_cov_7.761169
1	6865	531464	538328	6865	6865	100.00	6865	634917	100.00	1.08	Ga0136519_1277	NODE_3_length_634917_cov_7.519880
1	6861	418897	425757	6861	6861	100.00	6861	634917	100.00	1.08	Ga0136519_1278	NODE_3_length_634917_cov_7.519880
1	6856	177403	170548	6856	6856	100.00	6856	634917	100.00	1.08	Ga0136519_1279	NODE_3_length_634917_cov_7.519880
1	6844	157177	164020	6844	6844	100.00	6844	338011	100.00	2.02	Ga0136519_1280	NODE_25_length_338011_cov_7.807830
1	6817	8906	2090	6817	6817	100.00	6817	55578	100.00	12.27	Ga0136519_1281	NODE_962_length_55578_cov_7.637898
1	6802	346765	353566	6802	6802	100.00	6802	520718	100.00	1.31	Ga0136519_1282	NODE_7_length_520718_cov_8.807590
1	6779	556161	562939	6779	6779	100.00	6779	634917	100.00	1.07	Ga0136519_1283	NODE_3_length_634917_cov_7.519880
1	6752	101905	95154	6752	6752	100.00	6752	129039	100.00	5.23	Ga0136519_1284	NODE_213_length_129039_cov_8.065008
1	6701	127180	120480	6701	6701	100.00	6701	240303	100.00	2.79	Ga0136519_1285	NODE_57_length_240303_cov_8.525911
1	6649	436868	443516	6649	6649	100.00	6649	634917	100.00	1.05	Ga0136519_1286	NODE_3_length_634917_cov_7.519880
1	6595	220357	213763	6595	6595	100.00	6595	338011	100.00	1.95	Ga0136519_1287	NODE_25_length_338011_cov_7.807830
1	6594	544874	538281	6594	6594	100.00	6594	634917	100.00	1.04	Ga0136519_1288	NODE_3_length_634917_cov_7.519880
1	6422	424295	430716	6422	6422	100.00	6486	472087	99.01	1.36	Ga0136519_1289	NODE_11_length_472087_cov_8.598176
1	9714	33974	43687	9714	9714	100.00	9714	634917	100.00	1.53	Ga0136519_1290	NODE_3_length_634917_cov_7.519880
1	6359	6359	1	6359	6359	100.00	6404	79499	99.30	8.00	Ga0136519_1291	NODE_499_length_79499_cov_7.440335
1	6392	15041	21432	6392	6392	100.00	6392	79499	100.00	8.04	Ga0136519_1292	NODE_499_length_79499_cov_7.440335
1	6355	476989	483343	6355	6355	100.00	6355	520718	100.00	1.22	Ga0136519_1293	NODE_7_length_520718_cov_8.807590
1	6333	201200	207532	6333	6333	100.00	6333	405540	100.00	1.56	Ga0136519_1294	NODE_16_length_405540_cov_7.618849
1	6320	509318	515637	6320	6320	100.00	6320	634917	100.00	1.00	Ga0136519_1295	NODE_3_length_634917_cov_7.519880
1	6307	38639	32333	6307	6307	100.00	6307	212624	100.00	2.97	Ga0136519_1296	NODE_80_length_212624_cov_7.761169
1	6221	8876	2656	6221	6221	100.00	6221	73953	100.00	8.41	Ga0136519_1297	NODE_580_length_73953_cov_7.879848
1	6145	123193	129337	6145	6145	100.00	6145	634917	100.00	0.97	Ga0136519_1298	NODE_3_length_634917_cov_7.519880
1	6108	16362	22469	6108	6108	100.00	6108	125087	100.00	4.88	Ga0136519_1299	NODE_223_length_125087_cov_7.821158
1	6104	54115	48012	6104	6104	100.00	6104	164047	100.00	3.72	Ga0136519_1300	NODE_127_length_164047_cov_8.190503
1	6093	62139	68231	6093	6093	100.00	6093	405540	100.00	1.50	Ga0136519_1301	NODE_16_length_405540_cov_7.618849
1	6083	359616	353534	6083	6083	100.00	6083	520718	100.00	1.17	Ga0136519_1302	NODE_7_length_520718_cov_8.807590
1	6082	15270	9189	6082	6082	100.00	6082	240303	100.00	2.53	Ga0136519_1303	NODE_57_length_240303_cov_8.525911
889	6072	1	5184	5184	5184	100.00	6072	212624	85.38	2.44	Ga0136519_1304	NODE_80_length_212624_cov_7.761169
1	6067	328585	322519	6067	6067	100.00	6067	338011	100.00	1.79	Ga0136519_1305	NODE_25_length_338011_cov_7.807830
1	6045	43645	49689	6045	6045	100.00	6064	291951	99.69	2.07	Ga0136519_1306	NODE_34_length_291951_cov_8.302310
1	6057	4010	10066	6057	6057	100.00	6057	29092	100.00	20.82	Ga0136519_1307	NODE_2608_length_29092_cov_7.406550
1	6056	359573	365628	6056	6056	100.00	6056	520718	100.00	1.16	Ga0136519_1308	NODE_7_length_520718_cov_8.807590
1	6049	48062	42014	6049	6049	100.00	6049	164047	100.00	3.69	Ga0136519_1309	NODE_127_length_164047_cov_8.190503
1	5989	18099	12111	5989	5989	100.00	5989	148014	100.00	4.05	Ga0136519_1310	NODE_162_length_148014_cov_8.089565
1	5988	226275	220288	5988	5988	100.00	5988	472087	100.00	1.27	Ga0136519_1311	NODE_11_length_472087_cov_8.598176
1	5983	203292	197310	5983	5983	100.00	5983	520718	100.00	1.15	Ga0136519_1312	NODE_7_length_520718_cov_8.807590
1	5977	60045	66021	5977	5977	99.98	5977	634917	100.00	0.94	Ga0136519_1313	NODE_3_length_634917_cov_7.519880
1	5906	57212	63117	5906	5906	100.00	5906	164047	100.00	3.60	Ga0136519_1314	NODE_127_length_164047_cov_8.190503
1	5905	57980	52076	5905	5905	100.00	5905	79499	100.00	7.43	Ga0136519_1315	NODE_499_length_79499_cov_7.440335
1	5889	14375	20263	5889	5889	100.00	5889	31767	100.00	18.54	Ga0136519_1316	NODE_2317_length_31767_cov_7.912273
1	5875	223149	217275	5875	5875	99.98	5875	405540	100.00	1.45	Ga0136519_1317	NODE_16_length_405540_cov_7.618849
1	5847	431579	425733	5847	5847	100.00	5847	634917	100.00	0.92	Ga0136519_1318	NODE_3_length_634917_cov_7.519880
1	5835	64880	59046	5835	5835	100.00	5835	338011	100.00	1.73	Ga0136519_1319	NODE_25_length_338011_cov_7.807830
1	5798	195280	201077	5798	5798	100.00	5798	253019	100.00	2.29	Ga0136519_1320	NODE_50_length_253019_cov_9.147835
1	5789	325947	320159	5789	5789	100.00	5789	464552	100.00	1.25	Ga0136519_1321	NODE_12_length_464552_cov_8.548105
1	5761	8963	14723	5761	5761	100.00	5761	17404	100.00	33.10	Ga0136519_1322	NODE_5118_length_17404_cov_8.316099
1	5726	150213	155938	5726	5726	100.00	5726	472087	100.00	1.21	Ga0136519_1323	NODE_11_length_472087_cov_8.598176
1	5723	600913	595191	5723	5723	100.00	5723	634917	100.00	0.90	Ga0136519_1324	NODE_3_length_634917_cov_7.519880
1	5682	269666	263985	5682	5682	100.00	5682	308669	100.00	1.84	Ga0136519_1325	NODE_28_length_308669_cov_8.954075
1	5650	50991	45342	5650	5650	100.00	5650	73953	100.00	7.64	Ga0136519_1326	NODE_580_length_73953_cov_7.879848
1	5579	89296	94874	5579	5579	100.00	5579	634917	100.00	0.88	Ga0136519_1327	NODE_3_length_634917_cov_7.519880
1	5561	323661	329221	5561	5561	100.00	5561	405540	100.00	1.37	Ga0136519_1328	NODE_16_length_405540_cov_7.618849
1	5542	210561	216102	5542	5542	100.00	5542	261370	100.00	2.12	Ga0136519_1329	NODE_47_length_261370_cov_8.003708
1	5522	81938	87459	5522	5522	100.00	5522	125087	100.00	4.41	Ga0136519_1330	NODE_223_length_125087_cov_7.821158
186	5592	1	5427	5407	5427	99.63	5637	5427	95.92	100.00	Ga0136519_1331	NODE_22723_length_5427_cov_8.615041
1	5497	133448	138944	5497	5497	100.00	5497	472087	100.00	1.16	Ga0136519_1332	NODE_11_length_472087_cov_8.598176
1	5464	146496	151959	5464	5464	100.00	5464	405540	100.00	1.35	Ga0136519_1333	NODE_16_length_405540_cov_7.618849
1	5433	59715	54283	5433	5433	100.00	5433	81055	100.00	6.70	Ga0136519_1334	NODE_479_length_81055_cov_8.136654
1	5412	70432	65021	5412	5412	100.00	5412	212624	100.00	2.55	Ga0136519_1335	NODE_80_length_212624_cov_7.761169
1	5412	123406	117995	5412	5412	100.00	5412	164047	100.00	3.30	Ga0136519_1336	NODE_127_length_164047_cov_8.190503
1	5393	9926	15318	5393	5393	100.00	5393	464552	100.00	1.16	Ga0136519_1337	NODE_12_length_464552_cov_8.548105
1	5355	240074	245428	5355	5355	100.00	5355	520718	100.00	1.03	Ga0136519_1338	NODE_7_length_520718_cov_8.807590
1	5354	46435	41082	5354	5354	100.00	5354	148014	100.00	3.62	Ga0136519_1339	NODE_162_length_148014_cov_8.089565
1	5346	422792	417447	5346	5346	100.00	5346	472087	100.00	1.13	Ga0136519_1340	NODE_11_length_472087_cov_8.598176
1	5345	132095	137439	5345	5345	99.98	5345	634917	100.00	0.84	Ga0136519_1341	NODE_3_length_634917_cov_7.519880
33	5325	1	5293	5293	5293	100.00	5325	43774	99.40	12.09	Ga0136519_1342	NODE_1432_length_43774_cov_8.406574
44	5240	1	5197	5197	5197	100.00	5240	253019	99.18	2.05	Ga0136519_1344	NODE_50_length_253019_cov_9.147835
1	5226	284704	289929	5226	5226	100.00	5226	634917	100.00	0.82	Ga0136519_1345	NODE_3_length_634917_cov_7.519880
1	5132	7071	1940	5132	5132	100.00	5196	129039	98.77	3.98	Ga0136519_1346	NODE_213_length_129039_cov_8.065008
1	5161	75143	80303	5161	5161	100.00	5161	338011	100.00	1.53	Ga0136519_1347	NODE_25_length_338011_cov_7.807830
1	5154	25392	20239	5154	5154	100.00	5154	31767	100.00	16.22	Ga0136519_1348	NODE_2317_length_31767_cov_7.912273
1	5144	21714	16571	5144	5144	100.00	5144	634917	100.00	0.81	Ga0136519_1349	NODE_3_length_634917_cov_7.519880
1	5124	16417	21540	5124	5124	100.00	5124	129039	100.00	3.97	Ga0136519_1350	NODE_213_length_129039_cov_8.065008
46	5121	1	5076	5076	5076	100.00	5121	308669	99.12	1.64	Ga0136519_1351	NODE_28_length_308669_cov_8.954075
1	5118	18452	23569	5118	5118	100.00	5118	148014	100.00	3.46	Ga0136519_1352	NODE_162_length_148014_cov_8.089565
1	5115	30469	25355	5115	5115	99.98	5115	31767	100.00	16.10	Ga0136519_1353	NODE_2317_length_31767_cov_7.912273
1	5112	5224	10335	5112	5112	100.00	5112	43774	100.00	11.68	Ga0136519_1354	NODE_1432_length_43774_cov_8.406574
1	5032	65946	60915	5032	5032	100.00	5032	125087	100.00	4.02	Ga0136519_1356	NODE_223_length_125087_cov_7.821158
1	5027	69384	64358	5027	5027	100.00	5027	73953	100.00	6.80	Ga0136519_1357	NODE_580_length_73953_cov_7.879848
1	5013	42332	37320	5013	5013	100.00	5013	338011	100.00	1.48	Ga0136519_1358	NODE_25_length_338011_cov_7.807830
1	5006	244095	249100	5006	5006	100.00	5006	253019	100.00	1.98	Ga0136519_1359	NODE_50_length_253019_cov_9.147835
1	4988	509368	504381	4988	4988	100.00	4988	634917	100.00	0.79	Ga0136519_1360	NODE_3_length_634917_cov_7.519880
1	4945	244132	239188	4945	4945	100.00	4945	253019	100.00	1.95	Ga0136519_1361	NODE_50_length_253019_cov_9.147835
1	4945	8645	3701	4945	4945	99.98	4945	164047	100.00	3.01	Ga0136519_1362	NODE_127_length_164047_cov_8.190503
1	4944	7342	2399	4944	4944	100.00	4944	634917	100.00	0.78	Ga0136519_1363	NODE_3_length_634917_cov_7.519880
1	4928	58163	53236	4928	4928	100.00	4928	405540	100.00	1.22	Ga0136519_1364	NODE_16_length_405540_cov_7.618849
1	4903	279840	284742	4903	4903	100.00	4903	634917	100.00	0.77	Ga0136519_1365	NODE_3_length_634917_cov_7.519880
1	4881	53278	48398	4881	4881	99.98	4881	405540	100.00	1.20	Ga0136519_1366	NODE_16_length_405540_cov_7.618849
1	4879	223349	228227	4879	4879	100.00	4879	261370	100.00	1.87	Ga0136519_1367	NODE_47_length_261370_cov_8.003708
1	4821	182618	177798	4821	4821	100.00	4821	308669	100.00	1.56	Ga0136519_1369	NODE_28_length_308669_cov_8.954075
1	4814	65117	60304	4814	4814	99.98	4814	212624	100.00	2.26	Ga0136519_1370	NODE_80_length_212624_cov_7.761169
1	4772	10033	14804	4772	4772	100.00	4772	29092	100.00	16.40	Ga0136519_1371	NODE_2608_length_29092_cov_7.406550
1	4765	330300	335064	4765	4765	100.00	4765	488851	100.00	0.97	Ga0136519_1372	NODE_10_length_488851_cov_9.247594
1	4761	100140	104900	4761	4761	100.00	4761	405540	100.00	1.17	Ga0136519_1373	NODE_16_length_405540_cov_7.618849
1	4707	83497	78791	4707	4707	100.00	4707	88451	100.00	5.32	Ga0136519_1374	NODE_422_length_88451_cov_8.203708
1	4703	436911	432209	4703	4703	100.00	4703	634917	100.00	0.74	Ga0136519_1375	NODE_3_length_634917_cov_7.519880
1	4613	374849	370237	4613	4613	100.00	4613	405540	100.00	1.14	Ga0136519_1376	NODE_16_length_405540_cov_7.618849
1	4533	262535	258003	4533	4533	100.00	4533	338011	100.00	1.34	Ga0136519_1377	NODE_25_length_338011_cov_7.807830
1	4527	143486	148012	4527	4527	100.00	4527	148014	100.00	3.06	Ga0136519_1378	NODE_162_length_148014_cov_8.089565
1	4520	435219	430700	4520	4520	100.00	4520	472087	100.00	0.96	Ga0136519_1379	NODE_11_length_472087_cov_8.598176
1	4504	21843	26346	4504	4504	100.00	4504	291951	100.00	1.54	Ga0136519_1380	NODE_34_length_291951_cov_8.302310
1	4487	118203	113717	4487	4487	100.00	4487	308669	100.00	1.45	Ga0136519_1381	NODE_28_length_308669_cov_8.954075
1	4463	337125	341587	4463	4463	100.00	4463	464552	100.00	0.96	Ga0136519_1382	NODE_12_length_464552_cov_8.548105
1	4449	180701	185149	4449	4449	99.98	4449	520718	100.00	0.85	Ga0136519_1383	NODE_7_length_520718_cov_8.807590
1	4434	289503	285070	4434	4434	100.00	4434	338011	100.00	1.31	Ga0136519_1384	NODE_25_length_338011_cov_7.807830
1	4409	226177	230585	4409	4409	100.00	4409	472087	100.00	0.93	Ga0136519_1385	NODE_11_length_472087_cov_8.598176
1	4393	109161	113539	4393	4379	99.68	4393	240303	100.00	1.82	Ga0136519_1386	NODE_57_length_240303_cov_8.525911
1	4368	342429	346796	4368	4368	100.00	4368	520718	100.00	0.84	Ga0136519_1387	NODE_7_length_520718_cov_8.807590
1	4364	616784	621147	4364	4364	100.00	4364	634917	100.00	0.69	Ga0136519_1388	NODE_3_length_634917_cov_7.519880
1	4363	275170	279532	4363	4363	100.00	4363	634917	100.00	0.69	Ga0136519_1389	NODE_3_length_634917_cov_7.519880
1	4361	577389	573029	4361	4361	100.00	4361	634917	100.00	0.69	Ga0136519_1390	NODE_3_length_634917_cov_7.519880
1	4293	159755	164047	4293	4293	100.00	4338	164047	98.96	2.62	Ga0136519_1391	NODE_127_length_164047_cov_8.190503
1	4303	5203	9505	4303	4303	100.00	4303	212624	100.00	2.02	Ga0136519_1392	NODE_80_length_212624_cov_7.761169
1	4299	390553	394851	4299	4299	100.00	4299	634917	100.00	0.68	Ga0136519_1393	NODE_3_length_634917_cov_7.519880
1	4258	7281	11538	4258	4258	100.00	4258	634917	100.00	0.67	Ga0136519_1394	NODE_3_length_634917_cov_7.519880
1	4254	6886	11139	4254	4254	100.00	4254	253019	100.00	1.68	Ga0136519_1395	NODE_50_length_253019_cov_9.147835
1	4248	453830	449583	4248	4248	100.00	4248	520718	100.00	0.82	Ga0136519_1396	NODE_7_length_520718_cov_8.807590
1	4223	119030	123252	4223	4223	100.00	4223	634917	100.00	0.67	Ga0136519_1397	NODE_3_length_634917_cov_7.519880
1	4167	118515	122681	4167	4167	100.00	4167	472087	100.00	0.88	Ga0136519_1399	NODE_11_length_472087_cov_8.598176
1	4135	137010	141144	4135	4135	100.00	4135	261370	100.00	1.58	Ga0136519_1400	NODE_47_length_261370_cov_8.003708
1	4058	29426	33483	4058	4058	100.00	4058	88451	100.00	4.59	Ga0136519_1401	NODE_422_length_88451_cov_8.203708
1	4021	26634	22614	4021	4021	99.95	4021	88451	100.00	4.55	Ga0136519_1402	NODE_422_length_88451_cov_8.203708
1	4018	239714	243740	4018	4027	99.75	4018	338011	100.00	1.19	Ga0136519_1403	NODE_25_length_338011_cov_7.807830
1	4005	156609	160613	4005	4005	100.00	4005	405540	100.00	0.99	Ga0136519_1404	NODE_16_length_405540_cov_7.618849
1	3982	22697	26678	3982	3982	100.00	3982	29092	100.00	13.69	Ga0136519_1405	NODE_2608_length_29092_cov_7.406550
1	3954	213806	209853	3954	3954	100.00	3954	338011	100.00	1.17	Ga0136519_1406	NODE_25_length_338011_cov_7.807830
1	3863	249157	253019	3863	3863	100.00	3908	253019	98.85	1.53	Ga0136519_1407	NODE_50_length_253019_cov_9.147835
1	3883	260717	264599	3883	3883	100.00	3883	405540	100.00	0.96	Ga0136519_1408	NODE_16_length_405540_cov_7.618849
1	3829	154523	158351	3829	3829	100.00	3829	634917	100.00	0.60	Ga0136519_1410	NODE_3_length_634917_cov_7.519880
1	3823	160651	156829	3823	3823	100.00	3823	472087	100.00	0.81	Ga0136519_1411	NODE_11_length_472087_cov_8.598176
1	3765	322577	318813	3765	3765	100.00	3765	338011	100.00	1.11	Ga0136519_1413	NODE_25_length_338011_cov_7.807830
1	3745	163949	167693	3745	3745	100.00	3745	338011	100.00	1.11	Ga0136519_1414	NODE_25_length_338011_cov_7.807830
1	3704	146529	142826	3704	3704	100.00	3704	405540	100.00	0.91	Ga0136519_1415	NODE_16_length_405540_cov_7.618849
1	3643	3643	1	3643	3643	100.00	3688	29092	98.78	12.52	Ga0136519_1416	NODE_2608_length_29092_cov_7.406550
1	3612	69477	65866	3612	3612	100.00	3612	125087	100.00	2.89	Ga0136519_1418	NODE_223_length_125087_cov_7.821158
1	3597	71850	75446	3597	3597	99.94	3597	164047	100.00	2.19	Ga0136519_1419	NODE_127_length_164047_cov_8.190503
1	3583	239355	242937	3583	3583	100.00	3583	405540	100.00	0.88	Ga0136519_1420	NODE_16_length_405540_cov_7.618849
1	3531	17029	20559	3531	3531	100.00	3531	164047	100.00	2.15	Ga0136519_1422	NODE_127_length_164047_cov_8.190503
1	3518	117007	120524	3518	3518	100.00	3518	240303	100.00	1.46	Ga0136519_1423	NODE_57_length_240303_cov_8.525911
1	3498	228402	231899	3498	3498	100.00	3498	520718	100.00	0.67	Ga0136519_1424	NODE_7_length_520718_cov_8.807590
1	3458	67036	63579	3458	3458	100.00	3458	291951	100.00	1.18	Ga0136519_1425	NODE_34_length_291951_cov_8.302310
3	3446	113605	117048	3444	3444	100.00	3446	240303	99.94	1.43	Ga0136519_1426	NODE_57_length_240303_cov_8.525911
1	3432	450985	447554	3432	3432	100.00	3432	464552	100.00	0.74	Ga0136519_1428	NODE_12_length_464552_cov_8.548105
1	3410	329301	325892	3410	3410	100.00	3410	464552	100.00	0.73	Ga0136519_1429	NODE_12_length_464552_cov_8.548105
1	2990	2990	1	2990	2990	100.00	3407	464552	87.76	0.64	Ga0136519_1430	NODE_12_length_464552_cov_8.548105
1	3405	265900	262496	3405	3405	100.00	3405	338011	100.00	1.01	Ga0136519_1431	NODE_25_length_338011_cov_7.807830
1	3385	108300	104916	3385	3385	100.00	3385	148014	100.00	2.29	Ga0136519_1432	NODE_162_length_148014_cov_8.089565
1	3355	42075	38721	3355	3355	100.00	3355	164047	100.00	2.05	Ga0136519_1433	NODE_127_length_164047_cov_8.190503
1	3352	251635	254986	3352	3352	100.00	3352	405540	100.00	0.83	Ga0136519_1434	NODE_16_length_405540_cov_7.618849
1	3280	125728	129007	3280	3280	100.00	3352	129039	97.85	2.54	Ga0136519_1435	NODE_213_length_129039_cov_8.065008
1	3259	178202	181460	3259	3259	100.00	3342	405540	97.52	0.80	Ga0136519_1436	NODE_16_length_405540_cov_7.618849
1	3305	113195	116499	3305	3305	100.00	3305	338011	100.00	0.98	Ga0136519_1437	NODE_25_length_338011_cov_7.807830
9	3250	58440	55199	3242	3242	100.00	3250	634917	99.75	0.51	Ga0136519_1438	NODE_3_length_634917_cov_7.519880
1	3235	248980	245746	3235	3235	100.00	3235	634917	100.00	0.51	Ga0136519_1439	NODE_3_length_634917_cov_7.519880
1	3113	223031	219919	3113	3113	100.00	3113	240303	100.00	1.30	Ga0136519_1440	NODE_57_length_240303_cov_8.525911
1	3107	70796	73902	3107	3107	100.00	3107	405540	100.00	0.77	Ga0136519_1441	NODE_16_length_405540_cov_7.618849
1	3074	76917	73844	3074	3074	100.00	3074	405540	100.00	0.76	Ga0136519_1442	NODE_16_length_405540_cov_7.618849
1	3068	59135	62202	3068	3068	100.00	3068	405540	100.00	0.76	Ga0136519_1443	NODE_16_length_405540_cov_7.618849
30	3066	1	3037	3037	3037	100.00	3066	125087	99.05	2.43	Ga0136519_1444	NODE_223_length_125087_cov_7.821158
1	3062	90478	87417	3062	3062	100.00	3062	125087	100.00	2.45	Ga0136519_1445	NODE_223_length_125087_cov_7.821158
1	3050	141099	144148	3050	3050	100.00	3050	261370	100.00	1.17	Ga0136519_1446	NODE_47_length_261370_cov_8.003708
1	3037	4095	7131	3037	3037	100.00	3037	34969	100.00	8.68	Ga0136519_1447	NODE_2031_length_34969_cov_7.750874
1	3023	236245	239267	3023	3023	100.00	3023	253019	100.00	1.19	Ga0136519_1448	NODE_50_length_253019_cov_9.147835
1	3013	153620	156632	3013	3013	100.00	3016	405540	99.90	0.74	Ga0136519_1449	NODE_16_length_405540_cov_7.618849
1	3010	214373	217382	3010	3010	100.00	3010	405540	100.00	0.74	Ga0136519_1450	NODE_16_length_405540_cov_7.618849
1	3003	75854	78856	3003	3003	100.00	3003	88451	100.00	3.40	Ga0136519_1451	NODE_422_length_88451_cov_8.203708
