/scratch/users/karoraw1@jhu.edu/THRASH_LIBS/REFERENCE_BINS/just_sequences/94260.assembled.fna /scratch/users/karoraw1@jhu.edu/THRASH_LIBS/BIN_REASSEMBLY/reassembled_bins/bin.83.strict.fa
NUCMER

[S1]	[E1]	[S2]	[E2]	[LEN 1]	[LEN 2]	[% IDY]	[LEN R]	[LEN Q]	[COV R]	[COV Q]	[TAGS]
1	20176	6933	27108	20176	20176	99.92	20176	44258	100.00	45.59	Ga0136518_1001	NODE_39_length_44258_cov_11.071873
1	18831	172327	191157	18831	18831	99.89	20109	191507	93.64	9.83	Ga0136518_1002	NODE_1_length_191507_cov_13.427569
1	19819	26370	6552	19819	19819	99.99	19819	32784	100.00	60.45	Ga0136518_1003	NODE_55_length_32784_cov_13.191970
1	19628	74382	54756	19628	19627	99.87	19628	115008	100.00	17.07	Ga0136518_1004	NODE_5_length_115008_cov_15.086079
1	3379	3379	1	3379	3379	99.94	18415	14627	18.35	23.10	Ga0136518_1005	NODE_80_length_14627_cov_12.772852
4562	18267	1	13706	13706	13706	100.00	18415	13706	74.43	100.00	Ga0136518_1005	NODE_84_length_13706_cov_14.606549
1	17474	18023	550	17474	17474	99.82	17474	73204	100.00	23.87	Ga0136518_1006	NODE_19_length_73204_cov_11.487402
1	16775	58159	74933	16775	16775	99.93	16775	115306	100.00	14.55	Ga0136518_1007	NODE_4_length_115306_cov_13.622971
1	15253	38498	53750	15253	15253	99.82	15253	55338	100.00	27.56	Ga0136518_1008	NODE_29_length_55338_cov_13.820505
1	14935	96270	81339	14935	14932	99.84	14935	111848	100.00	13.35	Ga0136518_1009	NODE_8_length_111848_cov_12.653180
1	13598	65635	52038	13598	13598	99.84	13598	66527	100.00	20.44	Ga0136518_1010	NODE_22_length_66527_cov_14.320541
1	12903	30557	17655	12903	12903	99.38	12903	34224	100.00	37.70	Ga0136518_1011	NODE_54_length_34224_cov_11.632357
1	12791	64268	77058	12791	12791	99.79	12791	81589	100.00	15.68	Ga0136518_1012	NODE_14_length_81589_cov_13.566475
1	12437	14086	1650	12437	12437	99.86	12437	29619	100.00	41.99	Ga0136518_1013	NODE_59_length_29619_cov_15.350325
1	12417	45103	57519	12417	12417	99.95	12417	75310	100.00	16.49	Ga0136518_1014	NODE_17_length_75310_cov_14.623759
1	3167	65576	68742	3167	3167	99.27	17434	68742	18.17	4.61	Ga0136518_1015	NODE_20_length_68742_cov_12.880967
3280	17434	1	14156	14155	14156	99.76	17434	62427	81.19	22.68	Ga0136518_1015	NODE_24_length_62427_cov_12.584589
1	11924	9162	21085	11924	11924	99.92	11924	49122	100.00	24.27	Ga0136518_1016	NODE_31_length_49122_cov_13.975992
1	8062	49834	57893	8062	8060	99.64	11743	68742	68.65	11.73	Ga0136518_1017	NODE_20_length_68742_cov_12.880967
8009	11743	59930	63664	3735	3735	100.00	11743	68742	31.81	5.43	Ga0136518_1017	NODE_20_length_68742_cov_12.880967
1	11734	38890	27157	11734	11734	99.89	11734	191507	100.00	6.13	Ga0136518_1018	NODE_1_length_191507_cov_13.427569
1	11479	40729	29252	11479	11478	99.70	11479	44004	100.00	26.08	Ga0136518_1019	NODE_40_length_44004_cov_11.967007
1	10933	19764	8832	10933	10933	99.66	10933	41928	100.00	26.08	Ga0136518_1020	NODE_42_length_41928_cov_13.179782
1	10865	15564	4700	10865	10865	99.96	10865	51880	100.00	20.94	Ga0136518_1021	NODE_30_length_51880_cov_13.142499
1	10694	98263	108956	10694	10694	99.66	10694	111848	100.00	9.56	Ga0136518_1022	NODE_8_length_111848_cov_12.653180
1	10176	88049	77873	10176	10177	99.46	10176	135324	100.00	7.52	Ga0136518_1023	NODE_2_length_135324_cov_14.026543
1	10088	18354	8268	10088	10087	99.67	10088	89355	100.00	11.29	Ga0136518_1024	NODE_12_length_89355_cov_12.667100
1	10053	1624	11676	10053	10053	99.70	10053	11831	100.00	84.97	Ga0136518_1025	NODE_86_length_11831_cov_11.154721
1	9995	25672	15678	9995	9995	99.81	9995	55338	100.00	18.06	Ga0136518_1026	NODE_29_length_55338_cov_13.820505
1	9680	31164	21485	9680	9680	99.92	9680	41874	100.00	23.12	Ga0136518_1027	NODE_43_length_41874_cov_11.972524
1	5245	54855	49611	5245	5245	99.85	9619	115008	54.53	4.56	Ga0136518_1028	NODE_5_length_115008_cov_15.086079
5025	9619	49699	45105	4595	4595	99.87	9619	115008	47.77	4.00	Ga0136518_1028	NODE_5_length_115008_cov_15.086079
1703	9541	34456	26618	7839	7839	99.64	9541	34456	82.16	22.75	Ga0136518_1029	NODE_52_length_34456_cov_13.005058
1	9511	57203	66713	9511	9511	99.89	9511	113851	100.00	8.35	Ga0136518_1030	NODE_6_length_113851_cov_12.835240
1	9353	1371	10723	9353	9353	99.91	9353	34224	100.00	27.33	Ga0136518_1031	NODE_54_length_34224_cov_11.632357
1	9324	24116	33439	9324	9324	99.85	9324	64065	100.00	14.55	Ga0136518_1032	NODE_23_length_64065_cov_11.759038
1	9226	44057	34832	9226	9226	99.85	9226	111848	100.00	8.25	Ga0136518_1033	NODE_8_length_111848_cov_12.653180
1	9126	56948	66073	9126	9126	99.95	9126	78558	100.00	11.62	Ga0136518_1034	NODE_16_length_78558_cov_13.046966
1	9245	85046	94300	9245	9255	99.68	9245	109004	100.00	8.49	Ga0136518_1035	NODE_9_length_109004_cov_13.825772
1	8955	53588	44634	8955	8955	99.83	8955	61882	100.00	14.47	Ga0136518_1036	NODE_25_length_61882_cov_13.870024
1	8938	18869	27806	8938	8938	99.71	8938	34329	100.00	26.04	Ga0136518_1037	NODE_53_length_34329_cov_13.563897
3	8833	35859	27029	8831	8831	99.74	8833	44258	99.98	19.95	Ga0136518_1038	NODE_39_length_44258_cov_11.071873
1	8815	25854	17040	8815	8815	99.89	8815	46217	100.00	19.07	Ga0136518_1039	NODE_37_length_46217_cov_13.371929
1	8650	25822	17173	8650	8650	99.56	8650	113851	100.00	7.60	Ga0136518_1040	NODE_6_length_113851_cov_12.835240
1	8565	4299	12863	8565	8565	100.00	8565	14452	100.00	59.27	Ga0136518_1041	NODE_82_length_14452_cov_13.140793
1	8475	60773	52299	8475	8475	99.87	8475	109004	100.00	7.77	Ga0136518_1042	NODE_9_length_109004_cov_13.825772
1	8465	68850	77303	8465	8454	99.35	8465	109004	100.00	7.76	Ga0136518_1043	NODE_9_length_109004_cov_13.825772
1	8445	29945	38389	8445	8445	99.91	8445	89355	100.00	9.45	Ga0136518_1044	NODE_12_length_89355_cov_12.667100
1	8436	12800	4365	8436	8436	99.61	8436	36990	100.00	22.81	Ga0136518_1045	NODE_49_length_36990_cov_13.559063
1	8354	12307	3954	8354	8354	99.77	8354	17334	100.00	48.19	Ga0136518_1046	NODE_73_length_17334_cov_10.555588
1	8252	25511	33762	8252	8252	99.67	8252	113851	100.00	7.25	Ga0136518_1047	NODE_6_length_113851_cov_12.835240
1	2129	137031	139159	2129	2129	99.95	8244	191507	25.82	1.11	Ga0136518_1048	NODE_1_length_191507_cov_13.427569
2168	8244	139258	145334	6077	6077	100.00	8244	191507	73.71	3.17	Ga0136518_1048	NODE_1_length_191507_cov_13.427569
1	8863	66043	57180	8863	8864	99.66	8863	75310	100.00	11.77	Ga0136518_1049	NODE_17_length_75310_cov_14.623759
1	8147	41096	32950	8147	8147	99.69	8147	64065	100.00	12.72	Ga0136518_1050	NODE_23_length_64065_cov_11.759038
1	8098	129779	121682	8098	8098	99.85	8098	135324	100.00	5.98	Ga0136518_1051	NODE_2_length_135324_cov_14.026543
1	8025	32576	40600	8025	8025	99.76	8025	46217	100.00	17.36	Ga0136518_1052	NODE_37_length_46217_cov_13.371929
159	8009	1	7851	7851	7851	99.55	8009	49122	98.03	15.98	Ga0136518_1053	NODE_31_length_49122_cov_13.975992
1	2969	2966	1	2969	2966	99.29	7929	3122	37.44	95.00	Ga0136518_1054	NODE_142_length_3122_cov_11.701337
3622	7929	1	4308	4308	4308	99.72	7929	79255	54.33	5.44	Ga0136518_1054	NODE_15_length_79255_cov_12.582715
1	7904	11950	4047	7904	7904	99.81	7904	44535	100.00	17.75	Ga0136518_1055	NODE_38_length_44535_cov_13.282621
1	7890	29094	36983	7890	7890	99.89	7890	113624	100.00	6.94	Ga0136518_1056	NODE_7_length_113624_cov_12.057392
1	7573	7573	1	7573	7573	99.80	7879	17300	96.12	43.77	Ga0136518_1057	NODE_74_length_17300_cov_12.706640
1	7867	18122	25988	7867	7867	99.87	7867	109004	100.00	7.22	Ga0136518_1058	NODE_9_length_109004_cov_13.825772
1	7726	110803	118528	7726	7726	99.69	7726	135324	100.00	5.71	Ga0136518_1059	NODE_2_length_135324_cov_14.026543
1	6550	35379	41928	6550	6550	99.54	7689	41928	85.19	15.62	Ga0136518_1060	NODE_42_length_41928_cov_13.179782
1	7686	29351	21666	7686	7686	99.75	7686	44004	100.00	17.47	Ga0136518_1061	NODE_40_length_44004_cov_11.967007
1	7609	10624	18232	7609	7609	99.93	7609	34224	100.00	22.23	Ga0136518_1062	NODE_54_length_34224_cov_11.632357
1	7558	51518	43961	7558	7558	99.76	7558	109004	100.00	6.93	Ga0136518_1063	NODE_9_length_109004_cov_13.825772
62	7489	15442	8015	7428	7428	99.70	7489	34329	99.19	21.64	Ga0136518_1064	NODE_53_length_34329_cov_13.563897
1	7460	99346	91887	7460	7460	99.61	7460	191507	100.00	3.90	Ga0136518_1065	NODE_1_length_191507_cov_13.427569
1	8018	8028	1	8018	8028	99.63	8430	27742	95.11	28.94	Ga0136518_1066	NODE_61_length_27742_cov_14.106079
1	9011	35990	26967	9011	9024	99.71	9011	56512	100.00	15.97	Ga0136518_1067	NODE_27_length_56512_cov_12.454098
1	7318	39224	31852	7318	7373	98.58	7318	47452	100.00	15.54	Ga0136518_1068	NODE_34_length_47452_cov_13.532819
4	7247	12119	4875	7244	7245	99.50	7247	12265	99.96	59.07	Ga0136518_1069	NODE_85_length_12265_cov_12.594595
1	7715	51580	43855	7715	7726	99.51	7715	79255	100.00	9.75	Ga0136518_1070	NODE_15_length_79255_cov_12.582715
1	8260	12900	4657	8260	8244	99.71	8260	78558	100.00	10.49	Ga0136518_1071	NODE_16_length_78558_cov_13.046966
1	2847	2847	1	2847	2847	99.75	7176	6763	39.67	42.10	Ga0136518_1072	NODE_104_length_6763_cov_9.669201
1	5144	86754	81611	5144	5144	99.32	7143	97308	72.01	5.29	Ga0136518_1073	NODE_10_length_97308_cov_13.880939
6126	7143	81662	80645	1018	1018	98.33	7143	97308	14.25	1.05	Ga0136518_1073	NODE_10_length_97308_cov_13.880939
1	7121	69755	76875	7121	7121	99.73	7121	88628	100.00	8.03	Ga0136518_1074	NODE_13_length_88628_cov_14.296106
530	7120	1	6591	6591	6591	99.98	7120	32784	92.57	20.10	Ga0136518_1075	NODE_55_length_32784_cov_13.191970
1	7110	28722	35831	7110	7110	99.96	7110	115008	100.00	6.18	Ga0136518_1076	NODE_5_length_115008_cov_15.086079
43	7071	8308	1280	7029	7029	99.82	7071	8308	99.41	84.61	Ga0136518_1077	NODE_95_length_8308_cov_10.217375
1	6978	14619	7636	6978	6984	99.01	6978	14702	100.00	47.50	Ga0136518_1078	NODE_79_length_14702_cov_12.968389
1	6943	3637	10579	6943	6943	99.84	6946	111848	99.96	6.21	Ga0136518_1079	NODE_8_length_111848_cov_12.653180
1	6943	29831	36773	6943	6943	99.68	6943	61882	100.00	11.22	Ga0136518_1080	NODE_25_length_61882_cov_13.870024
1	6834	23648	30481	6834	6834	99.99	6834	97308	100.00	7.02	Ga0136518_1081	NODE_10_length_97308_cov_13.880939
1	7043	45302	38259	7043	7044	99.90	7043	135324	100.00	5.21	Ga0136518_1082	NODE_2_length_135324_cov_14.026543
1	6802	78979	85780	6802	6802	99.35	6802	115306	100.00	5.90	Ga0136518_1083	NODE_4_length_115306_cov_13.622971
1	4509	4509	1	4509	4509	99.71	6780	7214	66.50	62.50	Ga0136518_1084	NODE_100_length_7214_cov_11.175304
5579	6780	41820	40619	1202	1202	99.33	6780	41874	17.73	2.87	Ga0136518_1084	NODE_43_length_41874_cov_11.972524
1	12993	57586	70560	12993	12975	99.52	12993	191507	100.00	6.78	Ga0136518_1085	NODE_1_length_191507_cov_13.427569
1	6745	60674	67418	6745	6745	100.00	6745	109004	100.00	6.19	Ga0136518_1086	NODE_9_length_109004_cov_13.825772
1	6741	32208	25468	6741	6741	99.53	6741	44535	100.00	15.14	Ga0136518_1087	NODE_38_length_44535_cov_13.282621
1	6726	77131	83856	6726	6726	99.84	6726	115008	100.00	5.85	Ga0136518_1088	NODE_5_length_115008_cov_15.086079
1	8312	106198	97869	8312	8330	99.45	8312	135324	100.00	6.16	Ga0136518_1089	NODE_2_length_135324_cov_14.026543
1	6646	36962	30317	6646	6646	99.61	6646	37896	100.00	17.54	Ga0136518_1090	NODE_46_length_37896_cov_11.281044
1	6632	63050	69681	6632	6632	99.89	6632	89355	100.00	7.42	Ga0136518_1091	NODE_12_length_89355_cov_12.667100
907	6610	73204	67501	5704	5704	99.42	6610	73204	86.29	7.79	Ga0136518_1092	NODE_19_length_73204_cov_11.487402
1	6589	58509	51921	6589	6589	99.97	6589	92909	100.00	7.09	Ga0136518_1093	NODE_11_length_92909_cov_15.062464
1	6558	78527	71967	6558	6561	99.62	6558	135324	100.00	4.85	Ga0136518_1094	NODE_2_length_135324_cov_14.026543
1	6477	29483	23007	6477	6477	99.81	6477	49122	100.00	13.19	Ga0136518_1095	NODE_31_length_49122_cov_13.975992
1	6457	118743	112287	6457	6457	99.81	6457	191507	100.00	3.37	Ga0136518_1096	NODE_1_length_191507_cov_13.427569
1	6451	18399	24849	6451	6451	99.32	6451	27742	100.00	23.25	Ga0136518_1097	NODE_61_length_27742_cov_14.106079
1	6430	30403	23974	6430	6430	99.39	6430	89355	100.00	7.20	Ga0136518_1098	NODE_12_length_89355_cov_12.667100
1	6416	15609	9194	6416	6416	99.91	6416	135324	100.00	4.74	Ga0136518_1099	NODE_2_length_135324_cov_14.026543
1	3235	3235	1	3235	3235	99.91	6410	4059	50.47	79.70	Ga0136518_1100	NODE_130_length_4059_cov_10.005245
4558	6409	5601	3747	1852	1855	97.47	6410	5601	28.89	33.12	Ga0136518_1100	NODE_112_length_5601_cov_9.773170
1	6407	81247	87653	6407	6407	99.41	6407	89355	100.00	7.17	Ga0136518_1101	NODE_12_length_89355_cov_12.667100
1	6312	31198	37509	6312	6312	99.97	6312	78558	100.00	8.03	Ga0136518_1102	NODE_16_length_78558_cov_13.046966
1	6260	2140	8399	6260	6260	99.97	6260	9070	100.00	69.02	Ga0136518_1103	NODE_89_length_9070_cov_12.159401
1	6223	12365	6143	6223	6223	99.49	6223	55338	100.00	11.25	Ga0136518_1104	NODE_29_length_55338_cov_13.820505
1	6213	24677	30889	6213	6213	99.97	6213	35299	100.00	17.60	Ga0136518_1105	NODE_51_length_35299_cov_14.226223
1	6145	21524	27668	6145	6145	99.71	6145	113624	100.00	5.41	Ga0136518_1106	NODE_7_length_113624_cov_12.057392
1	6141	9331	15471	6141	6141	99.98	6141	81589	100.00	7.53	Ga0136518_1107	NODE_14_length_81589_cov_13.566475
1	8094	87118	79012	8094	8107	99.78	8094	92909	100.00	8.73	Ga0136518_1108	NODE_11_length_92909_cov_15.062464
1	6105	38384	44488	6105	6105	99.69	6105	49122	100.00	12.43	Ga0136518_1109	NODE_31_length_49122_cov_13.975992
1	6966	35524	42494	6966	6971	99.58	6966	68208	100.00	10.22	Ga0136518_1110	NODE_21_length_68208_cov_12.744443
1	6037	33664	39700	6037	6037	99.97	6037	66527	100.00	9.07	Ga0136518_1111	NODE_22_length_66527_cov_14.320541
1	6030	48140	54170	6030	6031	99.80	6030	60658	100.00	9.94	Ga0136518_1112	NODE_26_length_60658_cov_11.090672
1	6012	6482	12493	6012	6012	99.50	6012	48339	100.00	12.44	Ga0136518_1113	NODE_33_length_48339_cov_12.692465
1	6011	80247	86257	6011	6011	99.98	6011	113851	100.00	5.28	Ga0136518_1114	NODE_6_length_113851_cov_12.835240
1	5981	39443	45423	5981	5981	99.16	5981	73204	100.00	8.17	Ga0136518_1115	NODE_19_length_73204_cov_11.487402
1	5980	21500	15521	5980	5980	99.85	5980	29619	100.00	20.19	Ga0136518_1116	NODE_59_length_29619_cov_15.350325
1	5961	17969	23929	5961	5961	99.92	5961	44535	100.00	13.38	Ga0136518_1117	NODE_38_length_44535_cov_13.282621
1	5947	63003	57057	5947	5947	98.82	5947	68208	100.00	8.72	Ga0136518_1118	NODE_21_length_68208_cov_12.744443
1	5947	12120	18066	5947	5947	99.83	5947	75310	100.00	7.90	Ga0136518_1119	NODE_17_length_75310_cov_14.623759
1	5909	26693	20785	5909	5909	99.73	5909	31535	100.00	18.74	Ga0136518_1120	NODE_56_length_31535_cov_13.562992
1	3928	3930	3	3928	3928	99.80	5892	47210	66.67	8.32	Ga0136518_1121	NODE_35_length_47210_cov_10.985240
4025	5892	5054	3186	1868	1869	99.04	5892	5054	31.70	36.98	Ga0136518_1121	NODE_119_length_5054_cov_11.051010
1	5876	94626	88751	5876	5876	99.66	5876	97308	100.00	6.04	Ga0136518_1122	NODE_10_length_97308_cov_13.880939
1	5856	23857	18002	5856	5856	99.13	5856	68208	100.00	8.59	Ga0136518_1123	NODE_21_length_68208_cov_12.744443
1	5820	56802	50983	5820	5820	99.71	5820	79255	100.00	7.34	Ga0136518_1124	NODE_15_length_79255_cov_12.582715
1	5819	47456	53274	5819	5819	98.93	5819	97308	100.00	5.98	Ga0136518_1125	NODE_10_length_97308_cov_13.880939
1	5780	7764	1985	5780	5780	98.98	5780	48339	100.00	11.96	Ga0136518_1126	NODE_33_length_48339_cov_12.692465
2	1561	1560	1	1560	1560	98.46	5780	60658	26.99	2.57	Ga0136518_1127	NODE_26_length_60658_cov_11.090672
1743	5780	1	4039	4038	4039	93.93	5780	6308	69.86	64.03	Ga0136518_1127	NODE_107_length_6308_cov_8.346714
1	5778	170184	164407	5778	5778	99.78	5778	191507	100.00	3.02	Ga0136518_1128	NODE_1_length_191507_cov_13.427569
1	6970	42214	35231	6970	6984	99.36	6970	109004	100.00	6.41	Ga0136518_1129	NODE_9_length_109004_cov_13.825772
407	5768	38778	33417	5362	5362	99.83	5768	38778	92.96	13.83	Ga0136518_1130	NODE_45_length_38778_cov_10.658265
1	6213	8924	2713	6213	6212	99.52	6213	19829	100.00	31.33	Ga0136518_1131	NODE_70_length_19829_cov_15.628300
1	8758	31611	22846	8758	8766	99.62	8758	62427	100.00	14.04	Ga0136518_1132	NODE_24_length_62427_cov_12.584589
1	5701	32818	38518	5701	5701	99.82	5701	40437	100.00	14.10	Ga0136518_1133	NODE_44_length_40437_cov_12.861126
1	5641	63075	68715	5641	5641	99.84	5641	126895	100.00	4.45	Ga0136518_1134	NODE_3_length_126895_cov_15.129155
2	5571	29762	24193	5570	5570	99.69	5571	74141	99.98	7.51	Ga0136518_1135	NODE_18_length_74141_cov_11.814526
1	5558	469	6026	5558	5558	99.93	5558	6190	100.00	89.79	Ga0136518_1136	NODE_108_length_6190_cov_10.574246
1	5558	20728	26285	5558	5558	99.82	5558	27001	100.00	20.58	Ga0136518_1137	NODE_62_length_27001_cov_10.769168
1	5555	2498	8052	5555	5555	99.96	5555	115306	100.00	4.82	Ga0136518_1138	NODE_4_length_115306_cov_13.622971
1	5552	104254	98703	5552	5552	99.41	5552	126895	100.00	4.38	Ga0136518_1139	NODE_3_length_126895_cov_15.129155
1	5527	41970	36444	5527	5527	99.95	5527	44535	100.00	12.41	Ga0136518_1140	NODE_38_length_44535_cov_13.282621
1	5527	23450	17924	5527	5527	99.82	5527	73204	100.00	7.55	Ga0136518_1141	NODE_19_length_73204_cov_11.487402
1	5519	12734	7216	5519	5519	99.60	5519	13912	100.00	39.67	Ga0136518_1142	NODE_83_length_13912_cov_11.766183
1	5513	14370	8858	5513	5513	98.86	5513	42278	100.00	13.04	Ga0136518_1143	NODE_41_length_42278_cov_11.706179
1	5492	63893	58402	5492	5492	99.91	5495	73204	99.95	7.50	Ga0136518_1144	NODE_19_length_73204_cov_11.487402
1	5476	29579	24104	5476	5476	99.09	5476	115008	100.00	4.76	Ga0136518_1145	NODE_5_length_115008_cov_15.086079
1	5436	66614	72049	5436	5436	99.96	5436	113851	100.00	4.77	Ga0136518_1146	NODE_6_length_113851_cov_12.835240
1	5410	32085	26676	5410	5410	99.50	5410	60658	100.00	8.92	Ga0136518_1147	NODE_26_length_60658_cov_11.090672
1	5394	2401	7794	5394	5394	99.63	5394	22787	100.00	23.67	Ga0136518_1148	NODE_68_length_22787_cov_15.540208
1	6046	9688	15736	6046	6049	99.80	6046	35986	100.00	16.81	Ga0136518_1149	NODE_50_length_35986_cov_13.052740
1	5371	16501	11131	5371	5371	99.96	5371	79255	100.00	6.78	Ga0136518_1150	NODE_15_length_79255_cov_12.582715
1	5356	7842	2487	5356	5356	99.72	5356	37176	100.00	14.41	Ga0136518_1151	NODE_48_length_37176_cov_14.332507
1	5351	51630	46280	5351	5351	99.05	5351	113851	100.00	4.70	Ga0136518_1152	NODE_6_length_113851_cov_12.835240
254	5337	1	5086	5084	5086	99.59	5337	9101	95.26	55.88	Ga0136518_1153	NODE_88_length_9101_cov_14.798806
4	5327	38144	32821	5324	5324	99.55	5327	48945	99.94	10.88	Ga0136518_1154	NODE_32_length_48945_cov_11.626836
1	5316	25977	20662	5316	5316	99.98	5316	111848	100.00	4.75	Ga0136518_1155	NODE_8_length_111848_cov_12.653180
1	5314	54515	49202	5314	5314	99.53	5314	68208	100.00	7.79	Ga0136518_1156	NODE_21_length_68208_cov_12.744443
4	5311	31898	26591	5308	5308	99.92	5311	111848	99.94	4.75	Ga0136518_1157	NODE_8_length_111848_cov_12.653180
1	5301	33697	38997	5301	5301	99.64	5301	92909	100.00	5.71	Ga0136518_1158	NODE_11_length_92909_cov_15.062464
1	5285	66611	71895	5285	5285	99.79	5285	75310	100.00	7.02	Ga0136518_1159	NODE_17_length_75310_cov_14.623759
1	5273	27237	21965	5273	5273	100.00	5277	37243	99.92	14.16	Ga0136518_1160	NODE_47_length_37243_cov_13.872217
1	5274	21071	26344	5274	5274	99.98	5274	51880	100.00	10.17	Ga0136518_1161	NODE_30_length_51880_cov_13.142499
1	5268	42904	37637	5268	5268	100.00	5268	126895	100.00	4.15	Ga0136518_1162	NODE_3_length_126895_cov_15.129155
73	5262	26718	21529	5190	5190	99.75	5262	34456	98.63	15.06	Ga0136518_1163	NODE_52_length_34456_cov_13.005058
1	5249	15927	10679	5249	5249	100.00	5249	31535	100.00	16.64	Ga0136518_1164	NODE_56_length_31535_cov_13.562992
1	5240	10808	5569	5240	5240	99.64	5240	34456	100.00	15.21	Ga0136518_1165	NODE_52_length_34456_cov_13.005058
1	5231	10641	15871	5231	5231	99.33	5231	191507	100.00	2.73	Ga0136518_1166	NODE_1_length_191507_cov_13.427569
1	5217	151124	156340	5217	5217	99.73	5217	191507	100.00	2.72	Ga0136518_1167	NODE_1_length_191507_cov_13.427569
1	5207	111228	106022	5207	5207	99.94	5207	126895	100.00	4.10	Ga0136518_1168	NODE_3_length_126895_cov_15.129155
1	5205	56728	61932	5205	5205	99.92	5205	113624	100.00	4.58	Ga0136518_1169	NODE_7_length_113624_cov_12.057392
1	5517	18024	12505	5517	5520	99.46	5519	31155	99.96	17.72	Ga0136518_1170	NODE_58_length_31155_cov_13.088585
1	2018	2018	1	2018	2018	99.45	5175	4922	39.00	41.00	Ga0136518_1171	NODE_121_length_4922_cov_10.481611
1	5168	49634	54804	5168	5171	99.86	5171	73204	99.94	7.06	Ga0136518_1172	NODE_19_length_73204_cov_11.487402
1	5165	15406	10242	5165	5165	99.96	5165	18850	100.00	27.40	Ga0136518_1173	NODE_72_length_18850_cov_11.437457
1	5162	15988	10827	5162	5162	99.94	5162	17300	100.00	29.84	Ga0136518_1174	NODE_74_length_17300_cov_12.706640
1	5138	31454	36591	5138	5138	99.81	5138	41874	100.00	12.27	Ga0136518_1175	NODE_43_length_41874_cov_11.972524
1	5131	22285	27415	5131	5131	99.98	5131	41928	100.00	12.24	Ga0136518_1176	NODE_42_length_41928_cov_13.179782
1	5119	33801	38919	5119	5119	99.82	5119	68742	100.00	7.45	Ga0136518_1177	NODE_20_length_68742_cov_12.880967
1	5076	103369	98294	5076	5076	99.51	5076	113851	100.00	4.46	Ga0136518_1178	NODE_6_length_113851_cov_12.835240
1	5071	22792	17722	5071	5071	99.82	5071	191507	100.00	2.65	Ga0136518_1179	NODE_1_length_191507_cov_13.427569
1	5057	31327	26271	5057	5057	99.94	5057	32784	100.00	15.43	Ga0136518_1180	NODE_55_length_32784_cov_13.191970
1	5043	44564	39532	5043	5033	99.23	5043	68742	100.00	7.32	Ga0136518_1181	NODE_20_length_68742_cov_12.880967
1	5033	5747	715	5033	5033	99.54	5033	6788	100.00	74.15	Ga0136518_1182	NODE_103_length_6788_cov_11.643844
1	5032	15495	20526	5032	5032	99.68	5032	47452	100.00	10.60	Ga0136518_1183	NODE_34_length_47452_cov_13.532819
1	4983	27710	32692	4983	4983	99.80	4983	34329	100.00	14.52	Ga0136518_1184	NODE_53_length_34329_cov_13.563897
1	4980	30016	34995	4980	4980	99.32	4980	42278	100.00	11.78	Ga0136518_1185	NODE_41_length_42278_cov_11.706179
1	3083	94226	97308	3083	3083	99.06	5482	97308	56.24	3.17	Ga0136518_1186	NODE_10_length_97308_cov_13.880939
3116	5121	2005	1	2006	2005	99.75	5482	2005	36.59	100.00	Ga0136518_1186	NODE_164_length_2005_cov_13.061538
1	4934	29123	34056	4934	4934	99.23	4972	48339	99.24	10.21	Ga0136518_1187	NODE_33_length_48339_cov_12.692465
1	4970	39967	44936	4970	4970	99.80	4970	61882	100.00	8.03	Ga0136518_1188	NODE_25_length_61882_cov_13.870024
1	4967	225	5191	4967	4967	99.74	4967	8538	100.00	58.18	Ga0136518_1189	NODE_93_length_8538_cov_10.801603
1	4962	30867	25906	4962	4962	99.94	4962	31155	100.00	15.93	Ga0136518_1190	NODE_58_length_31155_cov_13.088585
1	2048	2048	1	2048	2048	100.00	4950	68208	41.37	3.00	Ga0136518_1191	NODE_21_length_68208_cov_12.744443
2305	4950	4474	1829	2646	2646	99.28	4950	4474	53.45	59.14	Ga0136518_1191	NODE_124_length_4474_cov_10.869880
1	4917	12586	7670	4917	4917	99.96	4917	37896	100.00	12.97	Ga0136518_1192	NODE_46_length_37896_cov_11.281044
1	4916	46784	41869	4916	4916	99.78	4916	60658	100.00	8.10	Ga0136518_1193	NODE_26_length_60658_cov_11.090672
1	4910	32441	27532	4910	4910	100.00	4910	37243	100.00	13.18	Ga0136518_1194	NODE_47_length_37243_cov_13.872217
1	4904	72231	67328	4904	4904	99.84	4904	113624	100.00	4.32	Ga0136518_1195	NODE_7_length_113624_cov_12.057392
1	4902	6949	2048	4902	4902	99.96	4902	47452	100.00	10.33	Ga0136518_1196	NODE_34_length_47452_cov_13.532819
1	4895	47303	52197	4895	4895	99.78	4895	115306	100.00	4.25	Ga0136518_1197	NODE_4_length_115306_cov_13.622971
1	4885	45458	50342	4885	4885	99.88	4885	68742	100.00	7.11	Ga0136518_1198	NODE_20_length_68742_cov_12.880967
1	4883	7625	12507	4883	4883	99.39	4883	88628	100.00	5.51	Ga0136518_1199	NODE_13_length_88628_cov_14.296106
1	4882	27688	32569	4882	4882	99.77	4882	73204	100.00	6.67	Ga0136518_1200	NODE_19_length_73204_cov_11.487402
1	4870	33074	28205	4870	4870	99.71	4870	135324	100.00	3.60	Ga0136518_1201	NODE_2_length_135324_cov_14.026543
1	4852	20427	25278	4852	4852	99.96	4852	47452	100.00	10.23	Ga0136518_1202	NODE_34_length_47452_cov_13.532819
1	4841	47637	42797	4841	4841	99.79	4841	113624	100.00	4.26	Ga0136518_1203	NODE_7_length_113624_cov_12.057392
35	4833	1	4799	4799	4799	99.67	4833	51880	99.30	9.25	Ga0136518_1204	NODE_30_length_51880_cov_13.142499
1	6401	105984	112386	6401	6403	99.52	6401	191507	100.00	3.34	Ga0136518_1205	NODE_1_length_191507_cov_13.427569
970	4828	26104	22246	3859	3859	99.30	4828	26104	79.93	14.78	Ga0136518_1206	NODE_65_length_26104_cov_11.702545
1	4822	74322	69501	4822	4822	99.88	4822	126895	100.00	3.80	Ga0136518_1207	NODE_3_length_126895_cov_15.129155
1	4816	104955	109770	4816	4816	99.81	4816	113851	100.00	4.23	Ga0136518_1208	NODE_6_length_113851_cov_12.835240
1	4789	12483	7695	4789	4789	99.98	4789	22787	100.00	21.02	Ga0136518_1210	NODE_68_length_22787_cov_15.540208
1	4787	34753	39539	4787	4787	99.81	4787	62427	100.00	7.67	Ga0136518_1211	NODE_24_length_62427_cov_12.584589
1	4483	4488	6	4483	4483	99.89	4778	74141	93.83	6.05	Ga0136518_1212	NODE_18_length_74141_cov_11.814526
1	4755	4305	9059	4755	4755	99.14	4755	55410	100.00	8.58	Ga0136518_1213	NODE_28_length_55410_cov_14.092404
1	4749	3987	8735	4749	4749	99.94	4749	191507	100.00	2.48	Ga0136518_1214	NODE_1_length_191507_cov_13.427569
1	4743	22115	17373	4743	4743	99.56	4743	36990	100.00	12.82	Ga0136518_1215	NODE_49_length_36990_cov_13.559063
1	4712	27404	22693	4712	4712	99.81	4712	191507	100.00	2.46	Ga0136518_1216	NODE_1_length_191507_cov_13.427569
1	4711	85217	80507	4711	4711	99.87	4711	88628	100.00	5.32	Ga0136518_1217	NODE_13_length_88628_cov_14.296106
1	4708	32227	27521	4708	4707	99.38	4708	109004	100.00	4.32	Ga0136518_1218	NODE_9_length_109004_cov_13.825772
1	3267	19520	22786	3267	3267	99.97	4708	22787	69.39	14.34	Ga0136518_1219	NODE_68_length_22787_cov_15.540208
1	4698	145235	149932	4698	4698	99.72	4698	191507	100.00	2.45	Ga0136518_1220	NODE_1_length_191507_cov_13.427569
1	4696	25330	30025	4696	4696	99.91	4696	55410	100.00	8.48	Ga0136518_1221	NODE_28_length_55410_cov_14.092404
1	4675	72099	76773	4675	4675	97.24	4693	89355	99.62	5.23	Ga0136518_1222	NODE_12_length_89355_cov_12.667100
1	4680	32121	36800	4680	4680	99.83	4680	44535	100.00	10.51	Ga0136518_1223	NODE_38_length_44535_cov_13.282621
1	4637	87470	82834	4637	4637	100.00	4637	191507	100.00	2.42	Ga0136518_1224	NODE_1_length_191507_cov_13.427569
1	8148	48376	40214	8148	8163	99.61	8148	191507	100.00	4.26	Ga0136518_1225	NODE_1_length_191507_cov_13.427569
1	4621	30554	35174	4621	4621	99.57	4621	35299	100.00	13.09	Ga0136518_1226	NODE_51_length_35299_cov_14.226223
1	4609	21178	16570	4609	4609	99.93	4609	51880	100.00	8.88	Ga0136518_1227	NODE_30_length_51880_cov_13.142499
1	4607	36511	41117	4607	4607	99.54	4607	115306	100.00	4.00	Ga0136518_1228	NODE_4_length_115306_cov_13.622971
1	4599	40287	35689	4599	4599	99.93	4599	60658	100.00	7.58	Ga0136518_1229	NODE_26_length_60658_cov_11.090672
1	4597	16009	20605	4597	4597	99.98	4597	111848	100.00	4.11	Ga0136518_1230	NODE_8_length_111848_cov_12.653180
1	4571	40331	35761	4571	4571	99.30	4571	48339	100.00	9.46	Ga0136518_1231	NODE_33_length_48339_cov_12.692465
1	4566	2846	7411	4566	4566	99.69	4566	47030	100.00	9.71	Ga0136518_1232	NODE_36_length_47030_cov_12.845173
1	6354	16489	22863	6354	6375	99.50	6354	115306	100.00	5.53	Ga0136518_1233	NODE_4_length_115306_cov_13.622971
1	3827	11367	15193	3827	3827	99.58	4544	15193	84.22	25.19	Ga0136518_1234	NODE_78_length_15193_cov_10.615141
1	4544	4980	437	4544	4544	98.88	4544	28481	100.00	15.95	Ga0136518_1235	NODE_60_length_28481_cov_8.957328
1	4533	139	4671	4533	4533	99.93	4533	27001	100.00	16.79	Ga0136518_1236	NODE_62_length_27001_cov_10.769168
1	4529	29611	34139	4529	4529	99.56	4529	55338	100.00	8.18	Ga0136518_1237	NODE_29_length_55338_cov_13.820505
1	3117	25375	28480	3117	3106	99.10	4522	28481	68.93	10.91	Ga0136518_1238	NODE_60_length_28481_cov_8.957328
1	4521	6512	1992	4521	4521	99.82	4521	26104	100.00	17.32	Ga0136518_1239	NODE_65_length_26104_cov_11.702545
1	4500	40851	36352	4500	4500	99.87	4500	51880	100.00	8.67	Ga0136518_1240	NODE_30_length_51880_cov_13.142499
1	2119	2148	27	2119	2122	98.35	4493	88628	47.16	2.39	Ga0136518_1241	NODE_13_length_88628_cov_14.296106
2202	4048	2596	4442	1847	1847	98.65	4493	4442	41.11	41.58	Ga0136518_1241	NODE_125_length_4442_cov_10.995441
1	4487	9238	13724	4487	4487	99.98	4489	15405	99.96	29.13	Ga0136518_1242	NODE_77_length_15405_cov_12.905603
1	4478	299	4776	4478	4478	99.93	4478	13912	100.00	32.19	Ga0136518_1243	NODE_83_length_13912_cov_11.766183
1	4469	6681	2129	4469	4553	97.50	4469	135324	100.00	3.36	Ga0136518_1244	NODE_2_length_135324_cov_14.026543
1	4468	44315	48782	4468	4468	98.88	4468	66527	100.00	6.72	Ga0136518_1245	NODE_22_length_66527_cov_14.320541
1	4467	12432	16899	4467	4468	99.31	4468	35299	99.98	12.66	Ga0136518_1246	NODE_51_length_35299_cov_14.226223
1	4438	52308	47871	4438	4438	99.57	4438	64065	100.00	6.93	Ga0136518_1247	NODE_23_length_64065_cov_11.759038
1	4438	103777	99340	4438	4438	99.84	4438	115306	100.00	3.85	Ga0136518_1248	NODE_4_length_115306_cov_13.622971
1	4438	58283	53846	4438	4438	99.84	4438	61882	100.00	7.17	Ga0136518_1249	NODE_25_length_61882_cov_13.870024
1	5891	50218	44317	5891	5902	99.76	5891	89355	100.00	6.61	Ga0136518_1250	NODE_12_length_89355_cov_12.667100
1	4425	19955	24379	4425	4425	99.95	4425	60658	100.00	7.29	Ga0136518_1251	NODE_26_length_60658_cov_11.090672
1	4403	24482	20080	4403	4403	99.95	4403	89355	100.00	4.93	Ga0136518_1252	NODE_12_length_89355_cov_12.667100
1	4400	16355	11956	4400	4400	99.73	4400	17334	100.00	25.38	Ga0136518_1253	NODE_73_length_17334_cov_10.555588
1	4399	33786	29388	4399	4399	99.89	4399	74141	100.00	5.93	Ga0136518_1254	NODE_18_length_74141_cov_11.814526
1	4392	15937	20328	4392	4392	99.73	4395	135324	99.93	3.25	Ga0136518_1255	NODE_2_length_135324_cov_14.026543
1	5654	56965	62608	5654	5644	99.50	5654	81589	100.00	6.92	Ga0136518_1256	NODE_14_length_81589_cov_13.566475
1	5550	6079	11625	5550	5547	99.42	5550	25777	100.00	21.52	Ga0136518_1257	NODE_66_length_25777_cov_14.313273
1	4389	134067	129680	4389	4388	98.75	4389	135324	100.00	3.24	Ga0136518_1258	NODE_2_length_135324_cov_14.026543
1	4361	21765	17405	4361	4361	99.61	4366	44004	99.89	9.91	Ga0136518_1259	NODE_40_length_44004_cov_11.967007
1	4360	13745	9386	4360	4360	99.79	4360	47210	100.00	9.24	Ga0136518_1260	NODE_35_length_47210_cov_10.985240
1	4338	69634	73971	4338	4338	99.86	4338	89355	100.00	4.85	Ga0136518_1261	NODE_12_length_89355_cov_12.667100
1	4322	64704	69025	4322	4322	99.98	4322	79255	100.00	5.45	Ga0136518_1262	NODE_15_length_79255_cov_12.582715
1	4320	8114	3795	4320	4320	99.93	4320	34329	100.00	12.58	Ga0136518_1263	NODE_53_length_34329_cov_13.563897
1	4302	92716	97017	4302	4302	100.00	4302	113851	100.00	3.78	Ga0136518_1264	NODE_6_length_113851_cov_12.835240
1	4757	18750	13993	4757	4758	99.33	5743	22787	82.83	20.88	Ga0136518_1265	NODE_68_length_22787_cov_15.540208
1	4282	12715	16996	4282	4282	99.84	4282	97308	100.00	4.40	Ga0136518_1266	NODE_10_length_97308_cov_13.880939
1	4275	7856	3582	4275	4275	99.93	4275	31155	100.00	13.72	Ga0136518_1267	NODE_58_length_31155_cov_13.088585
1	4265	17958	13694	4265	4265	99.41	4266	47210	99.98	9.03	Ga0136518_1268	NODE_35_length_47210_cov_10.985240
1	2121	2121	1	2121	2121	99.72	4255	4571	49.85	46.40	Ga0136518_1269	NODE_123_length_4571_cov_11.648140
2142	4255	1	2114	2114	2114	99.29	4255	2952	49.68	71.61	Ga0136518_1269	NODE_149_length_2952_cov_12.746980
1	5595	16323	10709	5595	5615	99.16	5595	34456	100.00	16.30	Ga0136518_1270	NODE_52_length_34456_cov_13.005058
1131	4204	1	3074	3074	3074	98.83	4206	89355	73.09	3.44	Ga0136518_1271	NODE_12_length_89355_cov_12.667100
1	1169	83263	82095	1169	1169	99.83	4200	126895	27.83	0.92	Ga0136518_1272	NODE_3_length_126895_cov_15.129155
1171	4200	81994	78965	3030	3030	99.50	4200	126895	72.14	2.39	Ga0136518_1272	NODE_3_length_126895_cov_15.129155
1	4187	85453	81267	4187	4187	99.98	4187	109004	100.00	3.84	Ga0136518_1273	NODE_9_length_109004_cov_13.825772
1	1141	5648	6788	1141	1141	100.00	4176	6788	27.32	16.81	Ga0136518_1274	NODE_103_length_6788_cov_11.643844
1185	4176	111848	108857	2992	2992	99.57	4176	111848	71.65	2.68	Ga0136518_1274	NODE_8_length_111848_cov_12.653180
1	4172	58865	63036	4172	4172	99.86	4172	111848	100.00	3.73	Ga0136518_1275	NODE_8_length_111848_cov_12.653180
1	3585	3585	1	3585	3585	99.19	4154	40437	86.30	8.87	Ga0136518_1276	NODE_44_length_40437_cov_12.861126
1	4766	35898	31121	4766	4778	99.50	4766	97308	100.00	4.91	Ga0136518_1277	NODE_10_length_97308_cov_13.880939
1	4149	48475	44327	4149	4149	99.90	4149	62427	100.00	6.65	Ga0136518_1278	NODE_24_length_62427_cov_12.584589
1	4725	44389	49122	4725	4734	99.81	5551	49122	85.12	9.64	Ga0136518_1279	NODE_31_length_49122_cov_13.975992
1	4116	31243	27128	4116	4116	99.88	4116	79255	100.00	5.19	Ga0136518_1280	NODE_15_length_79255_cov_12.582715
1	5542	31858	26311	5542	5548	99.46	5542	126895	100.00	4.37	Ga0136518_1281	NODE_3_length_126895_cov_15.129155
1	3787	3787	1	3787	3787	99.21	4091	9035	92.57	41.91	Ga0136518_1282	NODE_90_length_9035_cov_10.512806
1	4080	32481	28402	4080	4080	99.93	4080	41928	100.00	9.73	Ga0136518_1283	NODE_42_length_41928_cov_13.179782
1	4070	9193	13262	4070	4070	99.88	4070	37176	100.00	10.95	Ga0136518_1284	NODE_48_length_37176_cov_14.332507
1	4249	22841	27108	4249	4268	97.38	4249	79255	100.00	5.39	Ga0136518_1285	NODE_15_length_79255_cov_12.582715
3	4052	5946	1898	4050	4049	99.56	4052	26186	99.95	15.46	Ga0136518_1286	NODE_64_length_26186_cov_12.663733
1	4045	74123	70079	4045	4045	99.83	4045	111848	100.00	3.62	Ga0136518_1287	NODE_8_length_111848_cov_12.653180
1	4043	61418	57376	4043	4043	99.83	4043	97308	100.00	4.15	Ga0136518_1288	NODE_10_length_97308_cov_13.880939
1	4376	44422	40046	4376	4377	99.50	4376	48339	100.00	9.05	Ga0136518_1289	NODE_33_length_48339_cov_12.692465
1	3610	3610	1	3610	3610	99.81	4029	7866	89.60	45.89	Ga0136518_1290	NODE_97_length_7866_cov_13.628473
1	4028	19145	15118	4028	4028	99.40	4028	62427	100.00	6.45	Ga0136518_1291	NODE_24_length_62427_cov_12.584589
1	4022	36776	40798	4022	4023	98.98	4022	47030	100.00	8.55	Ga0136518_1292	NODE_36_length_47030_cov_12.845173
1	4020	6759	10778	4020	4020	99.85	4020	31535	100.00	12.75	Ga0136518_1293	NODE_56_length_31535_cov_13.562992
1	4019	19598	23616	4019	4019	99.28	4019	38778	100.00	10.36	Ga0136518_1294	NODE_45_length_38778_cov_10.658265
1	4002	7844	11845	4002	4002	99.93	4002	68208	100.00	5.87	Ga0136518_1295	NODE_21_length_68208_cov_12.744443
1	3996	22297	18302	3996	3996	99.62	3996	22552	100.00	17.72	Ga0136518_1296	NODE_69_length_22552_cov_11.013869
1	3981	6048	10029	3981	3982	99.92	3981	61882	100.00	6.43	Ga0136518_1297	NODE_25_length_61882_cov_13.870024
1	3978	13359	9382	3978	3978	99.57	3978	115306	100.00	3.45	Ga0136518_1298	NODE_4_length_115306_cov_13.622971
1	3615	77975	81589	3615	3615	99.53	3955	81589	91.40	4.43	Ga0136518_1299	NODE_14_length_81589_cov_13.566475
1	3945	19650	15706	3945	3945	99.92	3945	27001	100.00	14.61	Ga0136518_1300	NODE_62_length_27001_cov_10.769168
1	3938	81354	85291	3938	3938	99.80	3938	113624	100.00	3.47	Ga0136518_1301	NODE_7_length_113624_cov_12.057392
1	3925	4380	8304	3925	3925	99.69	3925	40437	100.00	9.71	Ga0136518_1302	NODE_44_length_40437_cov_12.861126
1	3915	180	4094	3915	3915	99.92	3915	113624	100.00	3.45	Ga0136518_1303	NODE_7_length_113624_cov_12.057392
1	3893	81436	77544	3893	3893	99.92	3893	111848	100.00	3.48	Ga0136518_1304	NODE_8_length_111848_cov_12.653180
1	3845	77028	80872	3845	3845	99.43	3845	109004	100.00	3.53	Ga0136518_1305	NODE_9_length_109004_cov_13.825772
1523	3840	1	2318	2318	2318	99.57	3840	109004	60.36	2.13	Ga0136518_1306	NODE_9_length_109004_cov_13.825772
1	3825	4111	287	3825	3825	99.48	3825	22552	100.00	16.96	Ga0136518_1307	NODE_69_length_22552_cov_11.013869
1	3822	35550	39371	3822	3822	99.84	3822	75310	100.00	5.08	Ga0136518_1308	NODE_17_length_75310_cov_14.623759
1	4266	61971	57691	4266	4281	98.41	4266	135324	100.00	3.16	Ga0136518_1309	NODE_2_length_135324_cov_14.026543
1	3814	1084	4897	3814	3814	99.69	3814	5398	100.00	70.66	Ga0136518_1310	NODE_115_length_5398_cov_11.571215
1	3811	5620	9430	3811	3811	99.87	3811	81589	100.00	4.67	Ga0136518_1311	NODE_14_length_81589_cov_13.566475
1	3806	5191	1375	3806	3817	98.90	3806	42278	100.00	9.03	Ga0136518_1312	NODE_41_length_42278_cov_11.706179
1	3798	1646	5443	3798	3798	99.37	3798	26480	100.00	14.34	Ga0136518_1313	NODE_63_length_26480_cov_12.953718
1556	3011	1	1456	1456	1456	99.52	3788	1456	38.44	100.00	Ga0136518_1314	NODE_174_length_1456_cov_11.216988
1	3781	77091	73311	3781	3781	99.23	3784	92909	99.92	4.07	Ga0136518_1315	NODE_11_length_92909_cov_15.062464
589	3783	1	3195	3195	3195	99.28	3783	3623	84.46	88.19	Ga0136518_1316	NODE_134_length_3623_cov_10.544002
1	3776	17217	13442	3776	3776	99.66	3776	27742	100.00	13.61	Ga0136518_1317	NODE_61_length_27742_cov_14.106079
1	3958	101089	97113	3958	3977	99.04	3958	115008	100.00	3.46	Ga0136518_1318	NODE_5_length_115008_cov_15.086079
1	4050	44813	40752	4050	4062	99.46	4050	51880	100.00	7.83	Ga0136518_1319	NODE_30_length_51880_cov_13.142499
1	3760	10070	13829	3760	3760	99.39	3760	115008	100.00	3.27	Ga0136518_1320	NODE_5_length_115008_cov_15.086079
1	1654	26089	27742	1654	1654	100.00	3740	27742	44.22	5.96	Ga0136518_1321	NODE_61_length_27742_cov_14.106079
1906	3740	1	1835	1835	1835	99.95	3740	3130	49.06	58.63	Ga0136518_1321	NODE_141_length_3130_cov_13.051057
345	3737	1	3393	3393	3393	99.88	3737	55338	90.79	6.13	Ga0136518_1322	NODE_29_length_55338_cov_13.820505
1	3732	10722	6991	3732	3732	99.49	3732	64065	100.00	5.83	Ga0136518_1323	NODE_23_length_64065_cov_11.759038
1	5890	27230	21333	5890	5898	99.66	5890	56512	100.00	10.44	Ga0136518_1324	NODE_27_length_56512_cov_12.454098
1	3726	105942	102217	3726	3726	99.70	3726	109004	100.00	3.42	Ga0136518_1325	NODE_9_length_109004_cov_13.825772
1	3717	5244	8960	3717	3717	99.62	3717	35299	100.00	10.53	Ga0136518_1326	NODE_51_length_35299_cov_14.226223
1	3704	6060	9763	3704	3704	99.76	3704	68742	100.00	5.39	Ga0136518_1327	NODE_20_length_68742_cov_12.880967
1	3696	41908	38213	3696	3696	99.46	3696	115008	100.00	3.21	Ga0136518_1328	NODE_5_length_115008_cov_15.086079
1	3691	19169	15479	3691	3691	98.86	3691	81589	100.00	4.52	Ga0136518_1329	NODE_14_length_81589_cov_13.566475
1	3672	18096	14425	3672	3672	99.92	3672	60658	100.00	6.05	Ga0136518_1330	NODE_26_length_60658_cov_11.090672
1	3642	61162	64803	3642	3642	99.97	3642	79255	100.00	4.60	Ga0136518_1331	NODE_15_length_79255_cov_12.582715
1	3641	17494	13854	3641	3641	99.92	3641	109004	100.00	3.34	Ga0136518_1332	NODE_9_length_109004_cov_13.825772
1	3636	7107	10742	3636	3636	99.72	3636	25589	100.00	14.21	Ga0136518_1333	NODE_67_length_25589_cov_11.244341
726	3635	1	2910	2910	2910	100.00	3635	35299	80.06	8.24	Ga0136518_1334	NODE_51_length_35299_cov_14.226223
1034	3633	1	2612	2600	2612	99.12	3633	9070	71.57	28.80	Ga0136518_1335	NODE_89_length_9070_cov_12.159401
1	5004	25987	31001	5004	5015	99.68	5004	66527	100.00	7.54	Ga0136518_1336	NODE_22_length_66527_cov_14.320541
1	3619	29705	26087	3619	3619	100.00	3619	46217	100.00	7.83	Ga0136518_1337	NODE_37_length_46217_cov_13.371929
1	5089	5098	1	5089	5098	99.49	5702	34456	89.25	14.80	Ga0136518_1338	NODE_52_length_34456_cov_13.005058
1	5017	21386	26410	5017	5025	99.04	5017	48339	100.00	10.40	Ga0136518_1339	NODE_33_length_48339_cov_12.692465
1	3571	8788	5218	3571	3571	99.80	3571	74141	100.00	4.82	Ga0136518_1340	NODE_18_length_74141_cov_11.814526
1	3561	103703	107263	3561	3561	99.33	3561	115008	100.00	3.10	Ga0136518_1341	NODE_5_length_115008_cov_15.086079
1	3813	73339	69520	3813	3820	99.48	3813	79255	100.00	4.82	Ga0136518_1342	NODE_15_length_79255_cov_12.582715
1	4041	55152	59201	4041	4050	98.57	4041	111848	100.00	3.62	Ga0136518_1343	NODE_8_length_111848_cov_12.653180
1	3538	33506	29968	3538	3539	99.49	3538	49122	100.00	7.20	Ga0136518_1344	NODE_31_length_49122_cov_13.975992
1	2420	2420	1	2420	2420	99.26	3517	97308	68.81	2.49	Ga0136518_1345	NODE_10_length_97308_cov_13.880939
1	3513	40878	44390	3513	3513	99.74	3513	46217	100.00	7.60	Ga0136518_1346	NODE_37_length_46217_cov_13.371929
1	5635	12219	6588	5635	5632	99.24	5635	75310	100.00	7.48	Ga0136518_1347	NODE_17_length_75310_cov_14.623759
1	3503	11190	7688	3503	3503	99.89	3503	38778	100.00	9.03	Ga0136518_1348	NODE_45_length_38778_cov_10.658265
1	3490	404	3894	3490	3491	99.08	3490	34329	100.00	10.17	Ga0136518_1350	NODE_53_length_34329_cov_13.563897
1	3486	26247	22762	3486	3486	99.94	3486	37176	100.00	9.38	Ga0136518_1351	NODE_48_length_37176_cov_14.332507
1	3479	96507	99985	3479	3479	98.82	3479	115306	100.00	3.02	Ga0136518_1352	NODE_4_length_115306_cov_13.622971
1	3474	12660	16133	3474	3474	98.53	3474	64065	100.00	5.42	Ga0136518_1353	NODE_23_length_64065_cov_11.759038
1	3471	23842	20372	3471	3471	99.83	3471	31155	100.00	11.14	Ga0136518_1354	NODE_58_length_31155_cov_13.088585
1	3001	3033	33	3001	3001	99.57	3468	37243	86.53	8.06	Ga0136518_1355	NODE_47_length_37243_cov_13.872217
1	3467	27709	24243	3467	3467	99.77	3467	40437	100.00	8.57	Ga0136518_1356	NODE_44_length_40437_cov_12.861126
2	3467	76075	79540	3466	3466	98.99	3467	89355	99.97	3.88	Ga0136518_1357	NODE_12_length_89355_cov_12.667100
1	3907	12814	8910	3907	3905	99.64	3907	97308	100.00	4.01	Ga0136518_1358	NODE_10_length_97308_cov_13.880939
1	3452	33929	30478	3452	3452	99.13	3452	75310	100.00	4.58	Ga0136518_1359	NODE_17_length_75310_cov_14.623759
92	3442	26186	22836	3351	3351	98.45	3442	26186	97.36	12.80	Ga0136518_1360	NODE_64_length_26186_cov_12.663733
1	3435	23871	20437	3435	3435	99.83	3435	26186	100.00	13.12	Ga0136518_1361	NODE_64_length_26186_cov_12.663733
1	3431	40069	43499	3431	3431	100.00	3431	44004	100.00	7.80	Ga0136518_1362	NODE_40_length_44004_cov_11.967007
1	3430	95300	91871	3430	3430	99.74	3430	113624	100.00	3.02	Ga0136518_1363	NODE_7_length_113624_cov_12.057392
1	3428	81299	77872	3428	3428	99.77	3428	191507	100.00	1.79	Ga0136518_1364	NODE_1_length_191507_cov_13.427569
1	3424	28250	24827	3424	3424	99.42	3424	78558	100.00	4.36	Ga0136518_1365	NODE_16_length_78558_cov_13.046966
1	3422	24055	27476	3422	3422	99.21	3422	38778	100.00	8.82	Ga0136518_1366	NODE_45_length_38778_cov_10.658265
1	3415	41236	44649	3415	3414	99.65	3415	55410	100.00	6.16	Ga0136518_1367	NODE_28_length_55410_cov_14.092404
1	2766	2761	5526	2766	2766	99.53	3412	5526	81.07	50.05	Ga0136518_1368	NODE_114_length_5526_cov_12.964358
1	2508	2508	1	2508	2508	98.92	3397	78558	73.83	3.19	Ga0136518_1370	NODE_16_length_78558_cov_13.046966
1	6659	31069	24392	6659	6678	99.19	6659	115306	100.00	5.79	Ga0136518_1371	NODE_4_length_115306_cov_13.622971
1	5707	73908	68195	5707	5714	99.05	5707	92909	100.00	6.15	Ga0136518_1372	NODE_11_length_92909_cov_15.062464
1	4858	44863	39998	4858	4866	99.79	4858	92909	100.00	5.24	Ga0136518_1373	NODE_11_length_92909_cov_15.062464
1	3373	27204	23832	3373	3373	99.79	3373	81589	100.00	4.13	Ga0136518_1374	NODE_14_length_81589_cov_13.566475
1	3372	25584	28955	3372	3372	99.47	3372	55338	100.00	6.09	Ga0136518_1375	NODE_29_length_55338_cov_13.820505
1	3370	17500	14131	3370	3370	99.76	3370	48339	100.00	6.97	Ga0136518_1376	NODE_33_length_48339_cov_12.692465
1	3369	119806	123175	3369	3370	99.14	3369	191507	100.00	1.76	Ga0136518_1377	NODE_1_length_191507_cov_13.427569
1	5502	9675	15188	5502	5514	99.60	5502	26480	100.00	20.82	Ga0136518_1378	NODE_63_length_26480_cov_12.953718
1	3947	31538	35498	3947	3961	98.86	3947	126895	100.00	3.12	Ga0136518_1379	NODE_3_length_126895_cov_15.129155
246	3331	60658	57573	3086	3086	99.55	3331	60658	92.64	5.09	Ga0136518_1380	NODE_26_length_60658_cov_11.090672
1	3329	50119	53447	3329	3329	99.55	3329	89355	100.00	3.73	Ga0136518_1381	NODE_12_length_89355_cov_12.667100
5	3324	40438	43757	3320	3320	99.58	3324	66527	99.88	4.99	Ga0136518_1382	NODE_22_length_66527_cov_14.320541
1	3320	2137	5456	3320	3320	99.31	3320	44258	100.00	7.50	Ga0136518_1383	NODE_39_length_44258_cov_11.071873
295	3586	88720	92022	3292	3303	99.33	3586	126895	91.80	2.60	Ga0136518_1384	NODE_3_length_126895_cov_15.129155
1	3300	72862	76161	3300	3300	99.39	3300	113851	100.00	2.90	Ga0136518_1385	NODE_6_length_113851_cov_12.835240
1	3296	56827	53532	3296	3296	100.00	3296	113624	100.00	2.90	Ga0136518_1386	NODE_7_length_113624_cov_12.057392
1	3293	58264	54972	3293	3293	99.30	3293	62427	100.00	5.27	Ga0136518_1387	NODE_24_length_62427_cov_12.584589
1	3264	4095	815	3264	3281	96.56	3264	4895	100.00	67.03	Ga0136518_1388	NODE_122_length_4895_cov_10.224587
2	3247	57410	54165	3246	3246	99.82	3247	126895	99.97	2.56	Ga0136518_1389	NODE_3_length_126895_cov_15.129155
1	3247	15913	19159	3247	3247	99.63	3247	113624	100.00	2.86	Ga0136518_1390	NODE_7_length_113624_cov_12.057392
341	3239	1	2899	2899	2899	99.07	3239	41928	89.50	6.91	Ga0136518_1391	NODE_42_length_41928_cov_13.179782
1	3236	11550	8315	3236	3236	98.98	3236	66527	100.00	4.86	Ga0136518_1392	NODE_22_length_66527_cov_14.320541
766	3233	1	2468	2468	2468	98.99	3233	2956	76.34	83.49	Ga0136518_1393	NODE_148_length_2956_cov_11.631162
1	3322	55251	58580	3322	3330	99.70	3322	64065	100.00	5.20	Ga0136518_1394	NODE_23_length_64065_cov_11.759038
1	2812	2812	1	2812	2812	99.86	3212	19829	87.55	14.18	Ga0136518_1395	NODE_70_length_19829_cov_15.628300
1	3211	45157	48366	3211	3210	99.60	3211	111848	100.00	2.87	Ga0136518_1396	NODE_8_length_111848_cov_12.653180
1	3211	8571	5361	3211	3211	96.54	3211	31441	100.00	10.21	Ga0136518_1397	NODE_57_length_31441_cov_11.061970
797	2675	1879	1	1879	1879	99.95	3207	1879	58.59	100.00	Ga0136518_1398	NODE_167_length_1879_cov_11.684759
1004	3202	3482	1284	2199	2199	98.41	3202	3485	68.68	63.10	Ga0136518_1399	NODE_135_length_3485_cov_12.439942
1	3495	74334	70837	3495	3498	99.77	3495	97308	100.00	3.59	Ga0136518_1400	NODE_10_length_97308_cov_13.880939
1679	3197	55407	53889	1519	1519	96.97	3197	55410	47.51	2.74	Ga0136518_1401	NODE_28_length_55410_cov_14.092404
1	3187	19051	15865	3187	3187	98.34	3187	26104	100.00	12.21	Ga0136518_1402	NODE_65_length_26104_cov_11.702545
1	3184	95529	98712	3184	3184	99.15	3184	109004	100.00	2.92	Ga0136518_1403	NODE_9_length_109004_cov_13.825772
4	3183	3679	6858	3180	3180	99.69	3183	31535	99.91	10.08	Ga0136518_1404	NODE_56_length_31535_cov_13.562992
1	3181	19030	22210	3181	3181	99.75	3181	35986	100.00	8.84	Ga0136518_1405	NODE_50_length_35986_cov_13.052740
1	4836	20716	15869	4836	4848	99.32	4836	88628	100.00	5.47	Ga0136518_1406	NODE_13_length_88628_cov_14.296106
1	3161	6642	3482	3161	3161	99.94	3161	9035	100.00	34.99	Ga0136518_1407	NODE_90_length_9035_cov_10.512806
1	3160	42589	39430	3160	3160	100.00	3160	89355	100.00	3.54	Ga0136518_1408	NODE_12_length_89355_cov_12.667100
1	3156	97853	94697	3156	3157	98.10	3156	126895	100.00	2.49	Ga0136518_1409	NODE_3_length_126895_cov_15.129155
1	3147	65625	62479	3147	3147	99.14	3147	92909	100.00	3.39	Ga0136518_1410	NODE_11_length_92909_cov_15.062464
1	3146	25579	22434	3146	3146	98.70	3146	42278	100.00	7.44	Ga0136518_1411	NODE_41_length_42278_cov_11.706179
1	3143	32710	35852	3143	3143	100.00	3143	81589	100.00	3.85	Ga0136518_1412	NODE_14_length_81589_cov_13.566475
1	3141	30691	33831	3141	3141	99.24	3141	35986	100.00	8.73	Ga0136518_1413	NODE_50_length_35986_cov_13.052740
193	1915	1723	1	1723	1723	99.88	3122	1723	55.19	100.00	Ga0136518_1415	NODE_169_length_1723_cov_10.554556
1	3119	58446	61564	3119	3119	99.90	3119	89355	100.00	3.49	Ga0136518_1416	NODE_12_length_89355_cov_12.667100
1	3115	87058	90172	3115	3115	99.42	3115	115306	100.00	2.70	Ga0136518_1417	NODE_4_length_115306_cov_13.622971
1	3115	5085	1971	3115	3115	99.81	3115	97308	100.00	3.20	Ga0136518_1418	NODE_10_length_97308_cov_13.880939
1	3114	20734	23847	3114	3114	99.42	3114	31441	100.00	9.90	Ga0136518_1419	NODE_57_length_31441_cov_11.061970
1905	3109	1935	731	1205	1205	99.59	3109	1935	38.76	62.27	Ga0136518_1420	NODE_166_length_1935_cov_7.253723
1	3108	3744	6851	3108	3108	99.23	3108	17253	100.00	18.01	Ga0136518_1421	NODE_75_length_17253_cov_11.115130
1	3107	62419	65525	3107	3107	99.10	3107	113624	100.00	2.73	Ga0136518_1422	NODE_7_length_113624_cov_12.057392
1	3107	18054	21114	3107	3061	97.78	3107	92909	100.00	3.29	Ga0136518_1423	NODE_11_length_92909_cov_15.062464
1	3102	11219	14320	3102	3102	99.23	3102	17253	100.00	17.98	Ga0136518_1424	NODE_75_length_17253_cov_11.115130
1	3100	9731	6632	3100	3100	99.48	3100	26186	100.00	11.84	Ga0136518_1425	NODE_64_length_26186_cov_12.663733
1	3100	8608	5509	3100	3100	98.90	3100	79255	100.00	3.91	Ga0136518_1426	NODE_15_length_79255_cov_12.582715
1	3090	94384	97473	3090	3090	99.84	3090	135324	100.00	2.28	Ga0136518_1427	NODE_2_length_135324_cov_14.026543
1	3090	49150	46061	3090	3090	99.45	3090	92909	100.00	3.33	Ga0136518_1428	NODE_11_length_92909_cov_15.062464
4	3089	21839	24924	3086	3086	98.15	3089	61882	99.90	4.99	Ga0136518_1429	NODE_25_length_61882_cov_13.870024
1	3087	5719	2633	3087	3087	99.84	3087	81589	100.00	3.78	Ga0136518_1431	NODE_14_length_81589_cov_13.566475
1	2102	2102	1	2102	2102	99.62	3085	66527	68.14	3.16	Ga0136518_1432	NODE_22_length_66527_cov_14.320541
1	3078	27952	31029	3078	3078	98.60	3078	31441	100.00	9.79	Ga0136518_1433	NODE_57_length_31441_cov_11.061970
1	3078	12311	9234	3078	3078	98.77	3078	26186	100.00	11.75	Ga0136518_1434	NODE_64_length_26186_cov_12.663733
564	3075	1	2512	2512	2512	98.57	3075	3639	81.69	69.03	Ga0136518_1435	NODE_133_length_3639_cov_11.952846
133	1652	1	1522	1520	1522	99.01	3073	1522	49.46	100.00	Ga0136518_1436	NODE_173_length_1522_cov_11.970007
1917	3073	1	1157	1157	1157	99.83	3073	48339	37.65	2.39	Ga0136518_1436	NODE_33_length_48339_cov_12.692465
1	3066	50117	53182	3066	3066	99.51	3066	62427	100.00	4.91	Ga0136518_1437	NODE_24_length_62427_cov_12.584589
1	3699	13953	10229	3699	3725	98.68	3699	109004	100.00	3.42	Ga0136518_1438	NODE_9_length_109004_cov_13.825772
1	3057	17713	20769	3057	3057	99.87	3057	31155	100.00	9.81	Ga0136518_1439	NODE_58_length_31155_cov_13.088585
1	3051	17486	20536	3051	3051	100.00	3051	26186	100.00	11.65	Ga0136518_1440	NODE_64_length_26186_cov_12.663733
1	3047	55138	58184	3047	3047	99.57	3047	135324	100.00	2.25	Ga0136518_1441	NODE_2_length_135324_cov_14.026543
1	3045	76004	72960	3045	3045	99.67	3045	78558	100.00	3.88	Ga0136518_1442	NODE_16_length_78558_cov_13.046966
1	3043	45250	42208	3043	3043	99.67	3043	88628	100.00	3.43	Ga0136518_1443	NODE_13_length_88628_cov_14.296106
1	3628	24668	28304	3628	3637	99.01	3628	135324	100.00	2.69	Ga0136518_1444	NODE_2_length_135324_cov_14.026543
1	3031	110261	107231	3031	3031	99.14	3031	115306	100.00	2.63	Ga0136518_1445	NODE_4_length_115306_cov_13.622971
1	3031	41718	44748	3031	3031	99.37	3031	62427	100.00	4.86	Ga0136518_1446	NODE_24_length_62427_cov_12.584589
1	3012	9780	12791	3012	3012	99.30	3012	74141	100.00	4.06	Ga0136518_1447	NODE_18_length_74141_cov_11.814526
3	2603	390	2991	2601	2602	99.62	3012	2991	86.35	86.99	Ga0136518_1448	NODE_146_length_2991_cov_12.369550
1	3286	74223	77521	3286	3299	99.39	3286	126895	100.00	2.60	Ga0136518_1450	NODE_3_length_126895_cov_15.129155
1	3004	95997	92994	3004	3004	99.50	3004	115306	100.00	2.61	Ga0136518_1451	NODE_4_length_115306_cov_13.622971
1	3213	3830	612	3213	3219	99.32	3213	46217	100.00	6.96	Ga0136518_1452	NODE_37_length_46217_cov_13.371929
1	4024	5054	1020	4024	4035	99.16	4024	5170	100.00	78.05	Ga0136518_1453	NODE_117_length_5170_cov_10.627957
1	2984	47369	50364	2984	2996	99.43	3404	56512	87.66	5.30	Ga0136518_1454	NODE_27_length_56512_cov_12.454098
1	2279	2279	1	2279	2279	99.65	6790	2418	33.56	94.25	Ga0136518_1455	NODE_160_length_2418_cov_13.272112
2370	6790	113850	109409	4421	4442	99.12	6790	113851	65.11	3.90	Ga0136518_1455	NODE_6_length_113851_cov_12.835240
1	3133	26388	23244	3133	3145	99.11	3312	75310	94.60	4.18	Ga0136518_1456	NODE_17_length_75310_cov_14.623759
1	3170	6053	2874	3170	3180	98.90	3170	14702	100.00	21.63	Ga0136518_1457	NODE_79_length_14702_cov_12.968389
1	3238	18454	21667	3238	3214	97.47	3238	26104	100.00	12.31	Ga0136518_1459	NODE_65_length_26104_cov_11.702545
1	4505	1431	5943	4505	4513	99.07	4505	6065	100.00	74.41	Ga0136518_1460	NODE_110_length_6065_cov_11.010150
1	4213	11835	7597	4213	4239	98.96	4218	47452	99.88	8.93	Ga0136518_1461	NODE_34_length_47452_cov_13.532819
1	3911	52979	49042	3911	3938	98.63	3911	135324	100.00	2.91	Ga0136518_1462	NODE_2_length_135324_cov_14.026543
1	3049	19040	22075	3049	3036	99.02	3049	126895	100.00	2.39	Ga0136518_1463	NODE_3_length_126895_cov_15.129155
1	3074	10328	7248	3074	3081	99.68	3074	109004	100.00	2.83	Ga0136518_1464	NODE_9_length_109004_cov_13.825772
1	3317	2835	6159	3317	3325	98.86	3317	68742	100.00	4.84	Ga0136518_1465	NODE_20_length_68742_cov_12.880967
3132	4374	5252	4010	1243	1243	99.76	4374	5252	28.42	23.67	Ga0136518_1466	NODE_116_length_5252_cov_12.513566
245	3047	6755	3939	2803	2817	99.22	3047	6763	91.99	41.65	Ga0136518_1467	NODE_104_length_6763_cov_9.669201
1	1685	15631	13947	1685	1685	98.93	3849	55410	43.78	3.04	Ga0136518_1468	NODE_28_length_55410_cov_14.092404
1988	3849	13945	12084	1862	1862	99.36	3849	55410	48.38	3.36	Ga0136518_1468	NODE_28_length_55410_cov_14.092404
1	3680	1584	5271	3680	3688	99.43	3680	126895	100.00	2.91	Ga0136518_1469	NODE_3_length_126895_cov_15.129155
341	2991	1	2659	2651	2659	97.90	3125	2659	84.83	100.00	Ga0136518_1470	NODE_153_length_2659_cov_14.068740
