/scratch/users/karoraw1@jhu.edu/THRASH_LIBS/REFERENCE_BINS/just_sequences/94260.assembled.fna /scratch/users/karoraw1@jhu.edu/THRASH_LIBS/DNA_BINS/maxbin2_bins/bin.80.fa
NUCMER

[S1]	[E1]	[S2]	[E2]	[LEN 1]	[LEN 2]	[% IDY]	[LEN R]	[LEN Q]	[COV R]	[COV Q]	[TAGS]
1	10853	10853	1	10853	10853	99.82	20109	183182	53.97	5.92	Ga0136518_1002	NODE_104_length_183182_cov_19.606240
10799	18701	7903	1	7903	7903	99.91	20109	7903	39.30	100.00	Ga0136518_1002	NODE_13689_length_7903_cov_18.835754
1	2452	2452	1	2452	2452	99.92	19819	8728	12.37	28.09	Ga0136518_1003	NODE_12053_length_8728_cov_18.060071
2398	19819	23861	6440	17422	17422	100.00	19819	23861	87.91	73.01	Ga0136518_1003	NODE_3390_length_23861_cov_14.821684
1	19628	21447	1821	19628	19627	99.85	19628	55043	100.00	35.66	Ga0136518_1004	NODE_980_length_55043_cov_23.301793
1	3243	18754	21996	3243	3243	99.97	18415	21996	17.61	14.74	Ga0136518_1005	NODE_3800_length_21996_cov_21.234720
46	16272	16227	1	16227	16227	99.82	17474	16227	92.86	100.00	Ga0136518_1006	NODE_5627_length_16227_cov_15.734170
16218	17474	1	1257	1257	1257	99.68	17474	6208	7.19	20.25	Ga0136518_1006	NODE_18936_length_6208_cov_18.413132
1	16775	17913	1139	16775	16775	99.88	16775	53252	100.00	31.50	Ga0136518_1007	NODE_1036_length_53252_cov_22.829502
1	16775	1635	18409	16775	16775	99.88	16775	19547	100.00	85.82	Ga0136518_1007	NODE_4398_length_19547_cov_22.926637
1	15253	107923	123175	15253	15253	99.79	15253	129640	100.00	11.77	Ga0136518_1008	NODE_212_length_129640_cov_19.658278
336	14935	107490	92891	14600	14600	99.96	14935	107490	97.76	13.58	Ga0136518_1009	NODE_298_length_107490_cov_18.243533
1	11309	6679	17987	11309	11309	99.89	13598	23692	83.17	47.73	Ga0136518_1010	NODE_3420_length_23692_cov_21.010280
11560	13598	18088	20126	2039	2039	99.56	13598	23692	14.99	8.61	Ga0136518_1010	NODE_3420_length_23692_cov_21.010280
1	12134	17069	4936	12134	12134	99.42	12903	18127	94.04	66.94	Ga0136518_1011	NODE_4842_length_18127_cov_16.969677
1	12791	46676	33886	12791	12791	99.73	12791	102485	100.00	12.48	Ga0136518_1012	NODE_338_length_102485_cov_20.834131
1	12437	15452	27888	12437	12437	99.86	12437	102485	100.00	12.14	Ga0136518_1013	NODE_338_length_102485_cov_20.834131
1	12417	21637	34053	12417	12417	99.95	12417	61287	100.00	20.26	Ga0136518_1014	NODE_804_length_61287_cov_20.785031
1	3001	19875	16875	3001	3001	99.57	17434	25519	17.21	11.76	Ga0136518_1015	NODE_3090_length_25519_cov_19.160894
3442	17434	16774	2781	13993	13994	99.75	17434	25519	80.26	54.84	Ga0136518_1015	NODE_3090_length_25519_cov_19.160894
1	11924	39797	27874	11924	11924	99.86	11924	48826	100.00	24.42	Ga0136518_1016	NODE_1186_length_48826_cov_19.613582
1	8062	10151	2092	8062	8060	99.60	11743	80056	68.65	10.07	Ga0136518_1017	NODE_492_length_80056_cov_18.992025
8011	11743	25519	21787	3733	3733	100.00	11743	25519	31.79	14.63	Ga0136518_1017	NODE_3090_length_25519_cov_19.160894
1	11734	144445	156178	11734	11734	99.88	11734	183182	100.00	6.41	Ga0136518_1018	NODE_104_length_183182_cov_19.606240
1	11479	85876	74399	11479	11478	99.70	11479	154839	100.00	7.41	Ga0136518_1019	NODE_144_length_154839_cov_18.088943
162	10933	17943	7172	10772	10772	99.69	10933	40279	98.53	26.74	Ga0136518_1020	NODE_1643_length_40279_cov_21.011560
1	10865	15400	4536	10865	10865	99.94	10865	51871	100.00	20.95	Ga0136518_1021	NODE_1081_length_51871_cov_18.769936
1	10694	25097	14404	10694	10694	99.66	10694	27738	100.00	38.55	Ga0136518_1022	NODE_2795_length_27738_cov_17.079363
1	10176	22911	12735	10176	10177	99.49	10176	155733	100.00	6.53	Ga0136518_1023	NODE_140_length_155733_cov_20.115777
1	1361	7976	6616	1361	1361	98.97	10088	58152	13.49	2.34	Ga0136518_1024	NODE_875_length_58152_cov_18.569840
1307	7821	6515	1	6515	6515	99.74	10088	58152	64.58	11.20	Ga0136518_1024	NODE_875_length_58152_cov_18.569840
7767	10088	23857	21537	2322	2321	99.78	10088	23857	23.02	9.73	Ga0136518_1024	NODE_3392_length_23857_cov_19.642761
1	9995	95220	85226	9995	9995	99.82	9995	129640	100.00	7.71	Ga0136518_1026	NODE_212_length_129640_cov_19.658278
1	9680	44386	34707	9680	9680	99.92	9680	55136	100.00	17.56	Ga0136518_1027	NODE_978_length_55136_cov_16.745992
1	1920	1920	1	1920	1920	100.00	9619	55043	19.96	3.49	Ga0136518_1028	NODE_980_length_55043_cov_23.301793
1866	5245	1	3380	3380	3380	99.70	9619	28614	35.14	11.81	Ga0136518_1028	NODE_2674_length_28614_cov_21.831507
5025	9619	3292	7886	4595	4595	99.85	9619	28614	47.77	16.06	Ga0136518_1028	NODE_2674_length_28614_cov_21.831507
381	1880	1500	1	1500	1500	99.67	9541	1500	15.72	100.00	Ga0136518_1029	NODE_142904_length_1500_cov_18.224913
1826	3377	1	1552	1552	1552	99.74	9541	1552	16.27	100.00	Ga0136518_1029	NODE_135647_length_1552_cov_16.774883
3323	9541	41556	35338	6219	6219	99.55	9541	41556	65.18	14.97	Ga0136518_1029	NODE_1547_length_41556_cov_19.320016
1	9511	57370	66880	9511	9511	99.88	9511	92333	100.00	10.30	Ga0136518_1030	NODE_404_length_92333_cov_18.064479
1	9324	35250	25927	9324	9324	99.83	9324	52706	100.00	17.69	Ga0136518_1032	NODE_1057_length_52706_cov_17.482251
1	9226	55609	46384	9226	9226	99.85	9226	107490	100.00	8.58	Ga0136518_1033	NODE_298_length_107490_cov_18.243533
1	9126	127700	118575	9126	9126	99.95	9126	154839	100.00	5.89	Ga0136518_1034	NODE_144_length_154839_cov_18.088943
1	9245	51535	60789	9245	9255	99.61	9245	75333	100.00	12.29	Ga0136518_1035	NODE_558_length_75333_cov_20.757911
1	8955	53587	44633	8955	8955	99.83	8955	61884	100.00	14.47	Ga0136518_1036	NODE_791_length_61884_cov_21.245581
1	8938	19026	27963	8938	8938	99.70	8938	41543	100.00	21.52	Ga0136518_1037	NODE_1548_length_41543_cov_20.751157
1	8815	10309	1495	8815	8815	99.84	8815	32446	100.00	27.17	Ga0136518_1039	NODE_2252_length_32446_cov_20.228983
1	8650	25679	17030	8650	8650	99.54	8650	92333	100.00	9.37	Ga0136518_1040	NODE_404_length_92333_cov_18.064479
1	8536	4151	12686	8536	8536	99.99	8565	12686	99.66	67.29	Ga0136518_1041	NODE_7621_length_12686_cov_18.900562
1	8475	27261	18787	8475	8475	99.85	8475	75333	100.00	11.25	Ga0136518_1042	NODE_558_length_75333_cov_20.757911
1	8465	35338	43792	8465	8455	99.29	8465	75333	100.00	11.22	Ga0136518_1043	NODE_558_length_75333_cov_20.757911
1	8445	19567	28011	8445	8445	99.81	8445	58152	100.00	14.52	Ga0136518_1044	NODE_875_length_58152_cov_18.569840
1	2499	2499	1	2499	2499	99.64	8436	26555	29.62	9.41	Ga0136518_1045	NODE_2954_length_26555_cov_19.395774
5191	8436	1	3246	3246	3246	99.23	8436	10342	38.48	31.39	Ga0136518_1045	NODE_9766_length_10342_cov_19.250608
40	8354	1	8315	8315	8315	99.76	8354	12111	99.53	68.66	Ga0136518_1046	NODE_8049_length_12111_cov_16.571334
1	1764	25368	27131	1764	1764	99.94	8252	92333	21.38	1.91	Ga0136518_1047	NODE_404_length_92333_cov_18.064479
1710	8252	27232	33774	6543	6543	99.56	8252	92333	79.29	7.09	Ga0136518_1047	NODE_404_length_92333_cov_18.064479
1	2127	46149	44023	2127	2127	99.91	8244	183182	25.80	1.16	Ga0136518_1048	NODE_104_length_183182_cov_19.606240
2168	8244	43922	37846	6077	6077	100.00	8244	183182	73.71	3.32	Ga0136518_1048	NODE_104_length_183182_cov_19.606240
1	8863	42577	33714	8863	8864	99.65	8863	61287	100.00	14.46	Ga0136518_1049	NODE_804_length_61287_cov_20.785031
1	8147	18270	26416	8147	8147	99.68	8147	52706	100.00	15.46	Ga0136518_1050	NODE_1057_length_52706_cov_17.482251
1	8098	64641	56544	8098	8098	99.80	8098	155733	100.00	5.20	Ga0136518_1051	NODE_140_length_155733_cov_20.115777
1	3594	17186	20779	3594	3594	99.83	8025	32446	44.79	11.08	Ga0136518_1052	NODE_2252_length_32446_cov_20.228983
3540	8025	20880	25365	4486	4486	99.71	8025	32446	55.90	13.83	Ga0136518_1052	NODE_2252_length_32446_cov_20.228983
291	8009	48826	41108	7719	7719	99.64	8009	48826	96.38	15.81	Ga0136518_1053	NODE_1186_length_48826_cov_19.613582
1	2840	2837	1	2840	2837	99.26	7929	18923	35.82	14.99	Ga0136518_1054	NODE_4607_length_18923_cov_18.923044
2786	3820	1	1035	1035	1035	100.00	7929	1035	13.05	100.00	Ga0136518_1054	NODE_254169_length_1035_cov_17.584694
3766	5640	1	1875	1875	1875	99.79	7929	1875	23.65	100.00	Ga0136518_1054	NODE_102072_length_1875_cov_18.729670
5586	7929	113550	111207	2344	2344	99.66	7929	113550	29.56	2.06	Ga0136518_1054	NODE_265_length_113550_cov_18.664628
1	7904	11799	3896	7904	7904	99.80	7904	44375	100.00	17.81	Ga0136518_1055	NODE_1401_length_44375_cov_19.138651
1	7890	60272	52383	7890	7890	99.81	7890	85326	100.00	9.25	Ga0136518_1056	NODE_446_length_85326_cov_18.266867
1	7446	98699	106144	7446	7446	99.85	7879	154839	94.50	4.81	Ga0136518_1057	NODE_144_length_154839_cov_18.088943
1	7867	15446	7580	7867	7867	99.83	7867	30632	100.00	25.68	Ga0136518_1058	NODE_2437_length_30632_cov_20.102659
1	7726	45665	53390	7726	7726	99.68	7726	155733	100.00	4.96	Ga0136518_1059	NODE_140_length_155733_cov_20.115777
1	6406	33874	40279	6406	6406	99.50	7689	40279	83.31	15.90	Ga0136518_1060	NODE_1643_length_40279_cov_21.011560
6354	7462	3	1111	1109	1109	99.73	7689	1111	14.42	99.82	Ga0136518_1060	NODE_227462_length_1111_cov_13.599432
1	6475	74498	68024	6475	6475	99.63	7686	154839	84.24	4.18	Ga0136518_1061	NODE_144_length_154839_cov_18.088943
6618	7686	67923	66855	1069	1069	99.81	7686	154839	13.91	0.69	Ga0136518_1061	NODE_144_length_154839_cov_18.088943
3021	7609	1	4589	4589	4589	99.91	7609	18127	60.31	25.32	Ga0136518_1062	NODE_4842_length_18127_cov_16.969677
1	7558	18006	10449	7558	7558	99.71	7558	75333	100.00	10.03	Ga0136518_1063	NODE_558_length_75333_cov_20.757911
1	7489	15348	7860	7489	7489	99.68	7489	41543	100.00	18.03	Ga0136518_1064	NODE_1548_length_41543_cov_20.751157
1	4906	83834	88739	4906	4906	99.92	7460	183182	65.76	2.68	Ga0136518_1065	NODE_104_length_183182_cov_19.606240
4908	7460	88896	91448	2553	2553	98.98	7460	183182	34.22	1.39	Ga0136518_1065	NODE_104_length_183182_cov_19.606240
1	8018	67585	59558	8018	8028	99.60	8430	87142	95.11	9.21	Ga0136518_1066	NODE_432_length_87142_cov_21.637879
1	9011	14318	23341	9011	9024	99.59	9011	76120	100.00	11.85	Ga0136518_1067	NODE_547_length_76120_cov_20.434720
369	7318	146910	139957	6950	6954	99.28	7318	155733	94.97	4.47	Ga0136518_1068	NODE_140_length_155733_cov_20.115777
4	7247	9166	1922	7244	7245	99.39	7247	11464	99.96	63.20	Ga0136518_1069	NODE_8605_length_11464_cov_19.042686
1	7715	63670	71395	7715	7726	99.50	7715	113550	100.00	6.80	Ga0136518_1070	NODE_265_length_113550_cov_18.664628
1	8260	12751	4508	8260	8244	99.69	8260	29593	100.00	27.86	Ga0136518_1071	NODE_2550_length_29593_cov_18.172151
1	1052	6738	7789	1052	1052	97.25	7143	12036	14.73	8.74	Ga0136518_1073	NODE_8116_length_12036_cov_20.242050
1054	5144	7946	12036	4091	4091	99.83	7143	12036	57.27	33.99	Ga0136518_1073	NODE_8116_length_12036_cov_20.242050
1	7121	39035	46155	7121	7121	99.69	7121	57760	100.00	12.33	Ga0136518_1074	NODE_891_length_57760_cov_22.026445
642	7120	1	6479	6479	6479	99.98	7120	23861	91.00	27.15	Ga0136518_1075	NODE_3390_length_23861_cov_14.821684
390	7110	23880	17160	6721	6721	99.96	7110	28614	94.53	23.49	Ga0136518_1076	NODE_2674_length_28614_cov_21.831507
215	4836	4622	1	4622	4622	99.50	6978	4771	66.24	96.88	Ga0136518_1078	NODE_27075_length_4771_cov_20.993427
4782	6978	9693	7497	2197	2197	99.91	6978	9693	31.48	22.67	Ga0136518_1078	NODE_10548_length_9693_cov_18.925192
934	6943	16122	22131	6010	6010	99.77	6946	107490	86.52	5.59	Ga0136518_1079	NODE_298_length_107490_cov_18.243533
1	6943	29830	36772	6943	6943	99.67	6943	61884	100.00	11.22	Ga0136518_1080	NODE_791_length_61884_cov_21.245581
1	6834	58304	51471	6834	6834	99.93	6834	81963	100.00	8.34	Ga0136518_1081	NODE_467_length_81963_cov_21.356632
1	3159	3159	1	3159	3159	100.00	7043	23050	44.85	13.70	Ga0136518_1082	NODE_3559_length_23050_cov_19.907763
3105	7043	39080	35141	3939	3940	99.82	7043	39080	55.93	10.08	Ga0136518_1082	NODE_1719_length_39080_cov_20.816938
1	6802	2963	9764	6802	6802	99.25	6802	48621	100.00	13.99	Ga0136518_1083	NODE_1194_length_48621_cov_22.686447
1	1906	1906	1	1906	1906	99.37	6780	4462	28.11	42.72	Ga0136518_1084	NODE_29745_length_4462_cov_18.046063
4293	5520	1228	1	1228	1228	99.92	6780	1228	18.11	100.00	Ga0136518_1084	NODE_194652_length_1228_cov_17.441603
5640	6780	55136	53996	1141	1141	99.30	6780	55136	16.83	2.07	Ga0136518_1084	NODE_978_length_55136_cov_16.745992
1	12993	125749	112775	12993	12975	99.52	12993	183182	100.00	7.08	Ga0136518_1085	NODE_104_length_183182_cov_19.606240
1	6745	27162	33906	6745	6745	99.99	6745	75333	100.00	8.95	Ga0136518_1086	NODE_558_length_75333_cov_20.757911
1	6741	32057	25317	6741	6741	99.48	6741	44375	100.00	15.19	Ga0136518_1087	NODE_1401_length_44375_cov_19.138651
1	6726	24196	30921	6726	6726	99.76	6726	55043	100.00	12.22	Ga0136518_1088	NODE_980_length_55043_cov_23.301793
1	8312	41060	32731	8312	8330	99.45	8312	155733	100.00	5.35	Ga0136518_1089	NODE_140_length_155733_cov_20.115777
1	5326	52827	58152	5326	5326	99.91	6632	58152	80.31	9.16	Ga0136518_1091	NODE_875_length_58152_cov_18.569840
5272	6632	1	1361	1361	1361	99.34	6632	39564	20.52	3.44	Ga0136518_1091	NODE_1685_length_39564_cov_18.594092
1049	6610	1	5562	5562	5562	99.39	6610	19052	84.15	29.19	Ga0136518_1092	NODE_4563_length_19052_cov_17.154498
1	6589	34270	40858	6589	6589	99.95	6589	66232	100.00	9.95	Ga0136518_1093	NODE_707_length_66232_cov_21.920773
1	6558	13389	6829	6558	6561	99.62	6558	155733	100.00	4.21	Ga0136518_1094	NODE_140_length_155733_cov_20.115777
1	6477	19476	25952	6477	6477	99.78	6477	48826	100.00	13.27	Ga0136518_1095	NODE_1186_length_48826_cov_19.613582
1	6457	64437	70893	6457	6457	99.78	6457	183182	100.00	3.52	Ga0136518_1096	NODE_104_length_183182_cov_19.606240
1	6451	77956	84406	6451	6451	99.26	6451	87142	100.00	7.40	Ga0136518_1097	NODE_432_length_87142_cov_21.637879
1	6430	20025	13596	6430	6430	99.39	6430	58152	100.00	11.06	Ga0136518_1098	NODE_875_length_58152_cov_18.569840
1	6416	12491	6076	6416	6416	99.89	6416	39080	100.00	16.42	Ga0136518_1099	NODE_1719_length_39080_cov_20.816938
1	6407	12927	19333	6407	6407	99.34	6407	39564	100.00	16.19	Ga0136518_1101	NODE_1685_length_39564_cov_18.594092
1	6312	153450	147139	6312	6312	99.97	6312	154839	100.00	4.08	Ga0136518_1102	NODE_144_length_154839_cov_18.088943
1	6260	1983	8242	6260	6260	99.97	6260	41556	100.00	15.06	Ga0136518_1103	NODE_1547_length_41556_cov_19.320016
1	6223	81913	75691	6223	6223	99.47	6223	129640	100.00	4.80	Ga0136518_1104	NODE_212_length_129640_cov_19.658278
1	6213	97726	103938	6213	6213	99.95	6213	155733	100.00	3.99	Ga0136518_1105	NODE_140_length_155733_cov_20.115777
1	5139	67714	62576	5139	5139	99.73	6145	85326	83.63	6.02	Ga0136518_1106	NODE_446_length_85326_cov_18.266867
1	6141	101613	95473	6141	6141	99.95	6141	102485	100.00	5.99	Ga0136518_1107	NODE_338_length_102485_cov_20.834131
1	8094	5643	13767	8094	8125	99.52	8094	66232	100.00	12.27	Ga0136518_1108	NODE_707_length_66232_cov_21.920773
1	6105	10575	4471	6105	6105	99.69	6105	48826	100.00	12.50	Ga0136518_1109	NODE_1186_length_48826_cov_19.613582
1	6966	35376	42346	6966	6971	99.53	6966	129640	100.00	5.38	Ga0136518_1110	NODE_212_length_129640_cov_19.658278
1	4876	33832	38707	4876	4876	99.92	6037	48783	80.77	10.00	Ga0136518_1111	NODE_1190_length_48783_cov_22.371552
4822	6037	38808	40023	1216	1216	99.92	6037	48783	20.14	2.49	Ga0136518_1111	NODE_1190_length_48783_cov_22.371552
1	4024	17024	13001	4024	4024	99.75	6030	67600	66.73	5.95	Ga0136518_1112	NODE_678_length_67600_cov_17.626323
4026	6030	12844	10839	2005	2006	99.70	6030	67600	33.25	2.97	Ga0136518_1112	NODE_678_length_67600_cov_17.626323
657	5163	44980	40474	4507	4507	99.73	6012	53467	74.97	8.43	Ga0136518_1113	NODE_1028_length_53467_cov_19.783532
797	6011	81197	86411	5215	5215	99.92	6011	92333	86.76	5.65	Ga0136518_1114	NODE_404_length_92333_cov_18.064479
1	5981	119	6099	5981	5981	99.16	5981	7499	100.00	79.76	Ga0136518_1115	NODE_14695_length_7499_cov_17.517867
1	5980	8038	14017	5980	5980	99.82	5980	102485	100.00	5.84	Ga0136518_1116	NODE_338_length_102485_cov_20.834131
1	5961	17818	23778	5961	5961	99.78	5961	44375	100.00	13.43	Ga0136518_1117	NODE_1401_length_44375_cov_19.138651
1	5947	62855	56909	5947	5947	98.74	5947	129640	100.00	4.59	Ga0136518_1118	NODE_212_length_129640_cov_19.658278
1	3579	37033	40611	3579	3579	99.64	5947	48434	60.18	7.39	Ga0136518_1119	NODE_1204_length_48434_cov_22.572976
3525	5947	40712	43134	2423	2423	99.88	5947	48434	40.74	5.00	Ga0136518_1119	NODE_1204_length_48434_cov_22.572976
1	5909	4750	10658	5909	5909	99.75	5909	29159	100.00	20.26	Ga0136518_1120	NODE_2600_length_29159_cov_20.573014
1	1190	1190	1	1190	1190	99.83	5876	5531	20.25	21.52	Ga0136518_1122	NODE_22160_length_5531_cov_19.697589
1136	5876	1	4741	4741	4741	99.37	5876	12036	80.68	39.39	Ga0136518_1122	NODE_8116_length_12036_cov_20.242050
1	5856	23709	17854	5856	5856	99.11	5856	129640	100.00	4.52	Ga0136518_1123	NODE_212_length_129640_cov_19.658278
1	5820	58448	64267	5820	5820	99.71	5820	113550	100.00	5.13	Ga0136518_1124	NODE_265_length_113550_cov_18.664628
1	5080	34341	29262	5080	5080	98.88	5819	81963	87.30	6.20	Ga0136518_1125	NODE_467_length_81963_cov_21.356632
573	5780	45081	50288	5208	5208	99.39	5780	53467	90.10	9.74	Ga0136518_1126	NODE_1028_length_53467_cov_19.783532
103	1462	63860	65219	1360	1360	99.12	5780	67600	23.53	2.01	Ga0136518_1127	NODE_678_length_67600_cov_17.626323
1863	4143	65320	67600	2281	2281	99.82	5780	67600	39.46	3.37	Ga0136518_1127	NODE_678_length_67600_cov_17.626323
1	5778	12996	18772	5778	5777	99.74	5778	183182	100.00	3.15	Ga0136518_1128	NODE_104_length_183182_cov_19.606240
1	6970	8702	1719	6970	6984	99.26	6970	75333	100.00	9.27	Ga0136518_1129	NODE_558_length_75333_cov_20.757911
1	6213	48792	42581	6213	6212	99.45	6213	59591	100.00	10.42	Ga0136518_1131	NODE_844_length_59591_cov_23.538011
1	8758	21660	30425	8758	8766	99.61	8758	33935	100.00	25.83	Ga0136518_1132	NODE_2122_length_33935_cov_18.777155
1	5701	32561	38261	5701	5701	99.61	5701	43522	100.00	13.10	Ga0136518_1133	NODE_1447_length_43522_cov_21.571514
1	5641	62985	68625	5641	5641	99.81	5641	86571	100.00	6.52	Ga0136518_1134	NODE_438_length_86571_cov_22.171275
2	5571	1737	7306	5570	5570	99.61	5571	11056	99.98	50.38	Ga0136518_1135	NODE_9004_length_11056_cov_19.411508
1	5558	8559	3002	5558	5558	99.80	5558	10734	100.00	51.78	Ga0136518_1136	NODE_9351_length_10734_cov_16.162562
1	5555	2339	7893	5555	5555	99.95	5555	22659	100.00	24.52	Ga0136518_1138	NODE_3662_length_22659_cov_20.706822
1	2897	27746	30642	2897	2897	99.48	5552	45181	52.18	6.41	Ga0136518_1139	NODE_1365_length_45181_cov_22.785334
3172	5552	30743	33123	2381	2381	99.33	5552	45181	42.89	5.27	Ga0136518_1139	NODE_1365_length_45181_cov_22.785334
1	5527	41805	36293	5527	5513	99.62	5527	44375	100.00	12.42	Ga0136518_1140	NODE_1401_length_44375_cov_19.138651
1	5527	16085	21611	5527	5527	99.82	5527	21611	100.00	25.57	Ga0136518_1141	NODE_3885_length_21611_cov_17.278345
1	5519	12421	6903	5519	5519	99.57	5519	20175	100.00	27.36	Ga0136518_1142	NODE_4234_length_20175_cov_17.561282
1	5513	7206	1694	5513	5513	98.62	5513	11365	100.00	48.51	Ga0136518_1143	NODE_8687_length_11365_cov_18.095137
1	5492	9170	14661	5492	5492	99.87	5495	19052	99.95	28.83	Ga0136518_1144	NODE_4563_length_19052_cov_17.154498
723	3545	23981	26803	2823	2823	99.54	5476	28614	51.55	9.87	Ga0136518_1145	NODE_2674_length_28614_cov_21.831507
3721	5431	26904	28614	1711	1711	99.88	5476	28614	31.25	5.98	Ga0136518_1145	NODE_2674_length_28614_cov_21.831507
1	5436	66781	72216	5436	5436	99.96	5436	92333	100.00	5.89	Ga0136518_1146	NODE_404_length_92333_cov_18.064479
1	5410	33079	38488	5410	5410	99.41	5410	67600	100.00	8.00	Ga0136518_1147	NODE_678_length_67600_cov_17.626323
1	5394	4729	10122	5394	5394	99.50	5394	16042	100.00	33.62	Ga0136518_1148	NODE_5697_length_16042_cov_23.929005
1	6046	9549	15597	6046	6049	99.74	6046	32007	100.00	18.90	Ga0136518_1149	NODE_2296_length_32007_cov_22.575770
582	5371	99440	104229	4790	4790	99.94	5371	113550	89.18	4.22	Ga0136518_1150	NODE_265_length_113550_cov_18.664628
1	5356	10751	5396	5356	5356	99.72	5356	59591	100.00	8.99	Ga0136518_1151	NODE_844_length_59591_cov_23.538011
1	5351	51797	46447	5351	5351	99.07	5351	92333	100.00	5.80	Ga0136518_1152	NODE_404_length_92333_cov_18.064479
384	5031	4650	1	4648	4650	99.44	5337	4650	87.09	100.00	Ga0136518_1153	NODE_28069_length_4650_cov_21.740152
4	3083	15844	18923	3080	3080	99.35	5327	18923	57.82	16.28	Ga0136518_1154	NODE_4607_length_18923_cov_18.923044
3029	5327	15111	12813	2299	2299	99.52	5327	15111	43.16	15.21	Ga0136518_1154	NODE_6143_length_15111_cov_18.234989
1	5316	37529	32214	5316	5316	99.98	5316	107490	100.00	4.95	Ga0136518_1155	NODE_298_length_107490_cov_18.243533
1	5314	54367	49054	5314	5314	99.51	5314	129640	100.00	4.10	Ga0136518_1156	NODE_212_length_129640_cov_19.658278
4	5311	43450	38143	5308	5308	99.92	5311	107490	99.94	4.94	Ga0136518_1157	NODE_298_length_107490_cov_18.243533
1	3658	59237	55580	3658	3658	99.62	5301	66232	69.01	5.52	Ga0136518_1158	NODE_707_length_66232_cov_21.920773
3604	5301	55479	53782	1698	1698	99.65	5301	66232	32.03	2.56	Ga0136518_1158	NODE_707_length_66232_cov_21.920773
1	5285	43145	48429	5285	5285	99.79	5285	61287	100.00	8.62	Ga0136518_1159	NODE_804_length_61287_cov_20.785031
1	5273	24020	18748	5273	5273	99.87	5277	87142	99.92	6.05	Ga0136518_1160	NODE_432_length_87142_cov_21.637879
1	5274	20907	26180	5274	5274	99.98	5274	51871	100.00	10.17	Ga0136518_1161	NODE_1081_length_51871_cov_18.769936
1	5268	42504	37237	5268	5268	100.00	5268	86571	100.00	6.09	Ga0136518_1162	NODE_438_length_86571_cov_22.171275
73	5262	35438	30249	5190	5190	99.73	5262	41556	98.63	12.49	Ga0136518_1163	NODE_1547_length_41556_cov_19.320016
1	5249	15516	20764	5249	5249	99.85	5249	29159	100.00	18.00	Ga0136518_1164	NODE_2600_length_29159_cov_20.573014
1	5240	19528	14289	5240	5240	99.64	5240	41556	100.00	12.61	Ga0136518_1165	NODE_1547_length_41556_cov_19.320016
1	5231	172694	167464	5231	5231	99.27	5231	183182	100.00	2.86	Ga0136518_1166	NODE_104_length_183182_cov_19.606240
1	5217	32056	26840	5217	5217	99.73	5217	183182	100.00	2.85	Ga0136518_1167	NODE_104_length_183182_cov_19.606240
1	5207	20772	25978	5207	5207	99.90	5207	45181	100.00	11.52	Ga0136518_1168	NODE_1365_length_45181_cov_22.785334
1	5205	32638	27434	5205	5205	99.92	5205	85326	100.00	6.10	Ga0136518_1169	NODE_446_length_85326_cov_18.266867
1	5517	23047	17528	5517	5520	99.42	5519	113550	99.96	4.86	Ga0136518_1170	NODE_265_length_113550_cov_18.664628
1	1868	6311	8178	1868	1868	99.41	5175	8178	36.10	22.84	Ga0136518_1171	NODE_13115_length_8178_cov_15.514342
1814	3186	1373	1	1373	1373	100.00	5175	1373	26.53	100.00	Ga0136518_1171	NODE_163766_length_1373_cov_18.446131
1	4429	4432	1	4429	4432	99.86	5171	7158	85.65	61.92	Ga0136518_1172	NODE_15572_length_7158_cov_16.665493
1	5165	36267	31103	5165	5165	99.94	5165	39564	100.00	13.05	Ga0136518_1173	NODE_1685_length_39564_cov_18.594092
1	5162	90284	95445	5162	5162	99.86	5162	154839	100.00	3.33	Ga0136518_1174	NODE_144_length_154839_cov_18.088943
1	5138	44676	49813	5138	5138	99.81	5138	55136	100.00	9.32	Ga0136518_1175	NODE_978_length_55136_cov_16.745992
1	5131	20780	25910	5131	5131	99.96	5131	40279	100.00	12.74	Ga0136518_1176	NODE_1643_length_40279_cov_21.011560
1	5119	26339	21221	5119	5119	99.75	5119	80056	100.00	6.39	Ga0136518_1177	NODE_492_length_80056_cov_18.992025
1	5076	10693	5618	5076	5076	99.51	5076	26417	100.00	19.21	Ga0136518_1178	NODE_2969_length_26417_cov_18.058304
1	5071	160543	165613	5071	5071	99.78	5071	183182	100.00	2.77	Ga0136518_1179	NODE_104_length_183182_cov_19.606240
1	5057	7409	2353	5057	5057	99.88	5057	8728	100.00	57.94	Ga0136518_1180	NODE_12053_length_8728_cov_18.060071
1	2183	15421	17593	2183	2173	98.86	5043	80056	43.29	2.71	Ga0136518_1181	NODE_492_length_80056_cov_18.992025
2185	5043	17750	20608	2859	2859	99.58	5043	80056	56.69	3.57	Ga0136518_1181	NODE_492_length_80056_cov_18.992025
1	5033	10649	5617	5033	5033	99.56	5033	27738	100.00	18.14	Ga0136518_1182	NODE_2795_length_27738_cov_17.079363
1	5032	123881	128912	5032	5032	99.50	5032	155733	100.00	3.23	Ga0136518_1183	NODE_140_length_155733_cov_20.115777
1	2514	27867	30380	2514	2514	99.76	4983	41543	50.45	6.05	Ga0136518_1184	NODE_1548_length_41543_cov_20.751157
2460	4983	30481	33004	2524	2524	99.76	4983	41543	50.65	6.08	Ga0136518_1184	NODE_1548_length_41543_cov_20.751157
1	4980	12123	7144	4980	4980	99.42	4980	23682	100.00	21.03	Ga0136518_1185	NODE_3424_length_23682_cov_21.150675
1	2921	790	3710	2921	2921	98.97	5482	5531	53.28	52.81	Ga0136518_1186	NODE_22160_length_5531_cov_19.697589
3258	4978	3811	5531	1721	1721	99.77	5482	5531	31.39	31.12	Ga0136518_1186	NODE_22160_length_5531_cov_19.697589
1	4934	22840	17907	4934	4934	99.13	4972	53467	99.24	9.23	Ga0136518_1187	NODE_1028_length_53467_cov_19.783532
1	4970	39966	44935	4970	4970	99.78	4970	61884	100.00	8.03	Ga0136518_1188	NODE_791_length_61884_cov_21.245581
1	4967	2517	7483	4967	4967	99.66	4967	55136	100.00	9.01	Ga0136518_1189	NODE_978_length_55136_cov_16.745992
1	4962	35890	30929	4962	4962	99.90	4962	113550	100.00	4.37	Ga0136518_1190	NODE_265_length_113550_cov_18.664628
1	1900	1900	1	1900	1900	99.95	4950	129640	38.38	1.47	Ga0136518_1191	NODE_212_length_129640_cov_19.658278
2455	4590	1	2136	2136	2136	99.58	4950	4025	43.15	53.07	Ga0136518_1191	NODE_34239_length_4025_cov_19.143829
1	4916	18380	23295	4916	4916	99.69	4916	67600	100.00	7.27	Ga0136518_1193	NODE_678_length_67600_cov_17.626323
1	4910	29224	24315	4910	4910	99.98	4910	87142	100.00	5.63	Ga0136518_1194	NODE_432_length_87142_cov_21.637879
1	4904	16980	21883	4904	4904	99.84	4904	85326	100.00	5.75	Ga0136518_1195	NODE_446_length_85326_cov_18.266867
1	4902	115335	110434	4902	4902	99.96	4902	155733	100.00	3.15	Ga0136518_1196	NODE_140_length_155733_cov_20.115777
1	4895	28713	23819	4895	4895	99.80	4895	53252	100.00	9.19	Ga0136518_1197	NODE_1036_length_53252_cov_22.829502
1	4885	14527	9643	4885	4885	99.88	4885	80056	100.00	6.10	Ga0136518_1198	NODE_492_length_80056_cov_18.992025
1	4883	23306	18424	4883	4883	99.34	4883	30787	100.00	15.86	Ga0136518_1199	NODE_2421_length_30787_cov_23.120103
1	4882	11847	6966	4882	4882	99.77	4882	21611	100.00	22.59	Ga0136518_1200	NODE_3885_length_21611_cov_17.278345
1	4870	29956	25087	4870	4870	99.67	4870	39080	100.00	12.46	Ga0136518_1201	NODE_1719_length_39080_cov_20.816938
1	4852	128813	133664	4852	4852	99.92	4852	155733	100.00	3.12	Ga0136518_1202	NODE_140_length_155733_cov_20.115777
1	4841	41729	46569	4841	4841	99.71	4841	85326	100.00	5.67	Ga0136518_1203	NODE_446_length_85326_cov_18.266867
199	4833	1	4635	4635	4635	99.59	4833	51871	95.90	8.94	Ga0136518_1204	NODE_1081_length_51871_cov_18.769936
1	6401	77196	70794	6401	6403	99.52	6401	183182	100.00	3.50	Ga0136518_1205	NODE_104_length_183182_cov_19.606240
1113	4828	25861	22146	3716	3716	99.27	4828	27195	76.97	13.66	Ga0136518_1206	NODE_2876_length_27195_cov_17.980766
1	4822	74232	69411	4822	4822	99.77	4822	86571	100.00	5.57	Ga0136518_1207	NODE_438_length_86571_cov_22.171275
1	4816	12279	17094	4816	4816	99.77	4816	26417	100.00	18.23	Ga0136518_1208	NODE_2969_length_26417_cov_18.058304
1	4789	14811	10023	4789	4789	99.96	4789	16042	100.00	29.85	Ga0136518_1210	NODE_5697_length_16042_cov_23.929005
1	4787	18518	13732	4787	4787	99.79	4787	33935	100.00	14.11	Ga0136518_1211	NODE_2122_length_33935_cov_18.777155
1	4343	8698	13040	4343	4343	99.75	4778	23857	90.90	18.20	Ga0136518_1212	NODE_3392_length_23857_cov_19.642761
1	4755	55820	60574	4755	4755	99.16	4755	61287	100.00	7.76	Ga0136518_1213	NODE_804_length_61287_cov_20.785031
1	4749	179348	174600	4749	4749	99.92	4749	183182	100.00	2.59	Ga0136518_1214	NODE_104_length_183182_cov_19.606240
1	4743	11814	7072	4743	4743	99.56	4743	26555	100.00	17.86	Ga0136518_1215	NODE_2954_length_26555_cov_19.395774
1	4712	155931	160642	4712	4712	99.79	4712	183182	100.00	2.57	Ga0136518_1216	NODE_104_length_183182_cov_19.606240
1	4711	54346	49636	4711	4711	99.81	4711	57760	100.00	8.16	Ga0136518_1217	NODE_891_length_57760_cov_22.026445
1	4708	1341	6047	4708	4707	99.41	4708	30632	100.00	15.37	Ga0136518_1218	NODE_2437_length_30632_cov_20.102659
1	3143	3143	1	3143	3143	99.94	4708	9003	66.76	34.91	Ga0136518_1219	NODE_11572_length_9003_cov_23.271346
1	4698	37945	33248	4698	4698	99.70	4698	183182	100.00	2.56	Ga0136518_1220	NODE_104_length_183182_cov_19.606240
1	4696	30110	25415	4696	4696	99.89	4696	41600	100.00	11.29	Ga0136518_1221	NODE_1545_length_41600_cov_22.188206
1	4675	3779	8453	4675	4675	97.16	4693	39564	99.62	11.82	Ga0136518_1222	NODE_1685_length_39564_cov_18.594092
1	4680	31970	36649	4680	4680	99.76	4680	44375	100.00	10.55	Ga0136518_1223	NODE_1401_length_44375_cov_19.138651
1	4637	95865	100501	4637	4637	100.00	4637	183182	100.00	2.53	Ga0136518_1224	NODE_104_length_183182_cov_19.606240
1	8148	134959	143121	8148	8163	99.60	8148	183182	100.00	4.46	Ga0136518_1225	NODE_104_length_183182_cov_19.606240
1	4600	103603	108202	4600	4600	99.65	4621	155733	99.55	2.95	Ga0136518_1226	NODE_140_length_155733_cov_20.115777
1	4609	21014	16406	4609	4609	99.91	4609	51871	100.00	8.89	Ga0136518_1227	NODE_1081_length_51871_cov_18.769936
1	4607	39505	34899	4607	4607	99.52	4607	53252	100.00	8.65	Ga0136518_1228	NODE_1036_length_53252_cov_22.829502
1	4599	24877	29475	4599	4599	99.87	4599	67600	100.00	6.80	Ga0136518_1229	NODE_678_length_67600_cov_17.626323
1	4597	27561	32157	4597	4597	99.98	4597	107490	100.00	4.28	Ga0136518_1230	NODE_298_length_107490_cov_18.243533
1	4571	11477	16047	4571	4571	99.23	4571	53467	100.00	8.55	Ga0136518_1231	NODE_1028_length_53467_cov_19.783532
1	4566	2714	7279	4566	4566	99.58	4566	49994	100.00	9.13	Ga0136518_1232	NODE_1139_length_49994_cov_21.921965
1	6309	16330	22659	6309	6330	99.51	6354	22659	99.29	27.94	Ga0136518_1233	NODE_3662_length_22659_cov_20.706822
328	4544	2128	6344	4217	4217	98.98	4544	9508	92.80	44.35	Ga0136518_1235	NODE_10825_length_9508_cov_16.203004
1	2877	2877	1	2877	2877	99.93	4533	10734	63.47	26.80	Ga0136518_1236	NODE_9351_length_10734_cov_16.162562
317	4529	99352	103564	4213	4213	99.45	4529	129640	93.02	3.25	Ga0136518_1237	NODE_212_length_129640_cov_19.658278
1	2984	2984	1	2984	2984	99.43	4522	21611	65.99	13.81	Ga0136518_1238	NODE_3886_length_21611_cov_15.234413
1	4521	6405	1885	4521	4521	99.80	4521	27195	100.00	16.62	Ga0136518_1239	NODE_2876_length_27195_cov_17.980766
1	4500	40842	36343	4500	4500	99.84	4500	51871	100.00	8.68	Ga0136518_1240	NODE_1081_length_51871_cov_18.769936
1	2002	28783	30787	2002	2005	99.25	4493	30787	44.56	6.51	Ga0136518_1241	NODE_2421_length_30787_cov_23.120103
2226	3978	1	1753	1753	1753	99.20	4493	7726	39.02	22.69	Ga0136518_1241	NODE_14118_length_7726_cov_20.645548
1	4487	6054	1568	4487	4487	99.73	4489	11211	99.96	40.02	Ga0136518_1242	NODE_8853_length_11211_cov_22.090086
1	4478	152	4629	4478	4478	99.93	4478	20175	100.00	22.20	Ga0136518_1243	NODE_4234_length_20175_cov_17.561282
1	3563	3563	1	3563	3563	99.52	4469	39080	79.73	9.12	Ga0136518_1244	NODE_1719_length_39080_cov_20.816938
1	4146	44638	48783	4146	4146	99.08	4468	48783	92.79	8.50	Ga0136518_1245	NODE_1190_length_48783_cov_22.371552
1	4467	85481	89948	4467	4468	99.31	4468	155733	99.98	2.87	Ga0136518_1246	NODE_140_length_155733_cov_20.115777
1	4438	7058	11495	4438	4438	99.48	4438	52706	100.00	8.42	Ga0136518_1247	NODE_1057_length_52706_cov_17.482251
1	4438	27761	23324	4438	4438	99.77	4438	48621	100.00	9.13	Ga0136518_1248	NODE_1194_length_48621_cov_22.686447
1	4438	58282	53845	4438	4438	99.80	4438	61884	100.00	7.17	Ga0136518_1249	NODE_791_length_61884_cov_21.245581
1	5618	39995	34367	5618	5629	99.75	5891	58152	95.37	9.68	Ga0136518_1250	NODE_875_length_58152_cov_18.569840
1	4425	45209	40785	4425	4425	99.95	4425	67600	100.00	6.55	Ga0136518_1251	NODE_678_length_67600_cov_17.626323
1	4403	14104	9702	4403	4403	99.91	4403	58152	100.00	7.57	Ga0136518_1252	NODE_875_length_58152_cov_18.569840
1	2343	40381	42723	2343	2343	99.83	4399	42723	53.26	5.48	Ga0136518_1254	NODE_1489_length_42723_cov_15.577341
2289	4399	1	2111	2111	2111	99.67	4399	11056	47.99	19.09	Ga0136518_1254	NODE_9004_length_11056_cov_19.411508
1	4392	12819	17210	4392	4392	99.73	4395	39080	99.93	11.24	Ga0136518_1255	NODE_1719_length_39080_cov_20.816938
1	5654	53979	48336	5654	5644	99.47	5654	102485	100.00	5.51	Ga0136518_1256	NODE_338_length_102485_cov_20.834131
1	5550	53533	47987	5550	5547	99.35	5550	87142	100.00	6.37	Ga0136518_1257	NODE_432_length_87142_cov_21.637879
274	4389	68656	64542	4116	4115	98.93	4389	155733	93.78	2.64	Ga0136518_1258	NODE_140_length_155733_cov_20.115777
1	4361	66954	62594	4361	4361	99.61	4366	154839	99.89	2.82	Ga0136518_1259	NODE_144_length_154839_cov_18.088943
1	4338	1314	5651	4338	4338	99.82	4338	39564	100.00	10.96	Ga0136518_1261	NODE_1685_length_39564_cov_18.594092
1	4322	50546	46225	4322	4322	99.98	4322	113550	100.00	3.81	Ga0136518_1262	NODE_265_length_113550_cov_18.664628
1	4320	7959	3640	4320	4320	99.95	4320	41543	100.00	10.40	Ga0136518_1263	NODE_1548_length_41543_cov_20.751157
1	4302	40	4341	4302	4302	99.95	4302	26417	100.00	16.28	Ga0136518_1264	NODE_2969_length_26417_cov_18.058304
1	4757	3913	8670	4757	4758	99.29	5743	9003	82.83	52.85	Ga0136518_1265	NODE_11572_length_9003_cov_23.271346
459	4282	68779	64956	3824	3824	99.74	4282	81963	89.30	4.67	Ga0136518_1266	NODE_467_length_81963_cov_21.356632
1	4275	12879	8605	4275	4275	99.95	4275	113550	100.00	3.76	Ga0136518_1267	NODE_265_length_113550_cov_18.664628
1	2016	6165	4150	2016	2016	99.75	4255	107490	47.38	1.88	Ga0136518_1269	NODE_298_length_107490_cov_18.243533
2284	4255	4049	2078	1972	1972	99.39	4255	107490	46.35	1.83	Ga0136518_1269	NODE_298_length_107490_cov_18.243533
1	5595	25043	19429	5595	5615	99.20	5595	41556	100.00	13.51	Ga0136518_1270	NODE_1547_length_41556_cov_19.320016
1252	4204	13391	16343	2953	2953	98.95	4206	23857	70.21	12.38	Ga0136518_1271	NODE_3392_length_23857_cov_19.642761
1171	4064	81945	79052	2894	2894	99.55	4200	86571	68.90	3.34	Ga0136518_1272	NODE_438_length_86571_cov_22.171275
1	4187	51942	47756	4187	4187	99.98	4187	75333	100.00	5.56	Ga0136518_1273	NODE_558_length_75333_cov_20.757911
1	1004	10550	11553	1004	1004	100.00	4176	27738	24.04	3.62	Ga0136518_1274	NODE_2795_length_27738_cov_17.079363
1327	4176	11654	14503	2850	2850	99.89	4176	27738	68.25	10.27	Ga0136518_1274	NODE_2795_length_27738_cov_17.079363
1	4172	70417	74588	4172	4172	99.88	4172	107490	100.00	3.88	Ga0136518_1275	NODE_298_length_107490_cov_18.243533
1	3446	3446	1	3446	3446	99.39	4154	43522	82.96	7.92	Ga0136518_1276	NODE_1447_length_43522_cov_21.571514
1	4766	46054	50831	4766	4778	99.52	4766	81963	100.00	5.83	Ga0136518_1277	NODE_467_length_81963_cov_21.356632
1	3808	4641	8448	3808	3808	99.87	4149	33935	91.78	11.22	Ga0136518_1278	NODE_2122_length_33935_cov_18.777155
1	4561	4570	1	4561	4570	99.80	5551	48826	82.17	9.36	Ga0136518_1279	NODE_1186_length_48826_cov_19.613582
1	4116	83962	88077	4116	4116	99.85	4116	113550	100.00	3.62	Ga0136518_1280	NODE_265_length_113550_cov_18.664628
1	5542	31580	26033	5542	5548	99.48	5542	86571	100.00	6.41	Ga0136518_1281	NODE_438_length_86571_cov_22.171275
1	4080	30976	26897	4080	4080	99.75	4080	40279	100.00	10.13	Ga0136518_1283	NODE_1643_length_40279_cov_21.011560
1	3726	12102	15827	3726	3726	99.87	4070	59591	91.55	6.25	Ga0136518_1284	NODE_844_length_59591_cov_23.538011
1	4249	92364	88097	4249	4268	97.31	4249	113550	100.00	3.76	Ga0136518_1285	NODE_265_length_113550_cov_18.664628
3	4052	22390	26438	4050	4049	99.51	4052	28178	99.95	14.37	Ga0136518_1286	NODE_2730_length_28178_cov_20.502898
1	4045	85675	81631	4045	4045	99.80	4045	107490	100.00	3.76	Ga0136518_1287	NODE_298_length_107490_cov_18.243533
1	4043	20224	24266	4043	4043	99.70	4043	81963	100.00	4.93	Ga0136518_1288	NODE_467_length_81963_cov_21.356632
1	4376	7386	11762	4376	4377	99.43	4376	53467	100.00	8.19	Ga0136518_1289	NODE_1028_length_53467_cov_19.783532
1	3610	4093	7702	3610	3610	99.75	4029	21996	89.60	16.41	Ga0136518_1290	NODE_3800_length_21996_cov_21.234720
1	2264	246	2509	2264	2264	98.90	4028	2509	56.21	90.24	Ga0136518_1291	NODE_66674_length_2509_cov_18.347596
2210	4028	1	1819	1819	1819	99.45	4028	25519	45.16	7.13	Ga0136518_1291	NODE_3090_length_25519_cov_19.160894
1	4022	36644	40666	4022	4023	99.06	4022	49994	100.00	8.05	Ga0136518_1292	NODE_1139_length_49994_cov_21.921965
1	4020	24684	20665	4020	4020	99.80	4020	29159	100.00	13.79	Ga0136518_1293	NODE_2600_length_29159_cov_20.573014
1	4002	7696	11697	4002	4002	99.85	4002	129640	100.00	3.09	Ga0136518_1295	NODE_212_length_129640_cov_19.658278
1	3996	23077	27072	3996	3996	99.57	3996	154839	100.00	2.58	Ga0136518_1296	NODE_144_length_154839_cov_18.088943
1	3981	6047	10028	3981	3982	99.92	3981	61884	100.00	6.43	Ga0136518_1297	NODE_791_length_61884_cov_21.245581
1	3978	13200	9223	3978	3978	99.52	3978	22659	100.00	17.56	Ga0136518_1298	NODE_3662_length_22659_cov_20.706822
1	3474	32969	29496	3474	3474	99.74	3955	102485	87.84	3.39	Ga0136518_1299	NODE_338_length_102485_cov_20.834131
1	3938	7702	3765	3938	3938	99.80	3938	85326	100.00	4.62	Ga0136518_1301	NODE_446_length_85326_cov_18.266867
1	3925	4241	8165	3925	3925	99.62	3925	43522	100.00	9.02	Ga0136518_1302	NODE_1447_length_43522_cov_21.571514
1	1270	1270	1	1270	1270	99.84	3915	107490	32.44	1.18	Ga0136518_1303	NODE_298_length_107490_cov_18.243533
1216	3618	2403	1	2403	2403	100.00	3915	2403	61.38	100.00	Ga0136518_1303	NODE_70940_length_2403_cov_13.057070
1	3893	92988	89096	3893	3893	99.92	3893	107490	100.00	3.62	Ga0136518_1304	NODE_298_length_107490_cov_18.243533
1	3845	43517	47361	3845	3845	99.35	3845	75333	100.00	5.10	Ga0136518_1305	NODE_558_length_75333_cov_20.757911
297	1714	1418	1	1418	1418	100.00	3840	1418	36.93	100.00	Ga0136518_1306	NODE_155592_length_1418_cov_17.852531
1660	3840	2853	673	2181	2181	99.54	3840	2853	56.80	76.45	Ga0136518_1306	NODE_55470_length_2853_cov_20.320944
1	3825	41263	45087	3825	3825	99.45	3825	154839	100.00	2.47	Ga0136518_1307	NODE_144_length_154839_cov_18.088943
1	3822	12084	15905	3822	3822	99.87	3822	61287	100.00	6.24	Ga0136518_1308	NODE_804_length_61287_cov_20.785031
1	4266	19828	15548	4266	4281	98.36	4266	23050	100.00	18.57	Ga0136518_1309	NODE_3559_length_23050_cov_19.907763
1	3814	977	4790	3814	3814	99.58	3814	45181	100.00	8.44	Ga0136518_1310	NODE_1365_length_45181_cov_22.785334
1	2894	5492	8385	2894	2894	99.83	3811	8385	75.94	34.51	Ga0136518_1311	NODE_12691_length_8385_cov_19.187275
1	3806	39650	35834	3806	3817	98.82	3806	41543	100.00	9.19	Ga0136518_1312	NODE_1548_length_41543_cov_20.751157
1	3798	51659	55456	3798	3798	99.34	3798	76120	100.00	4.99	Ga0136518_1313	NODE_547_length_76120_cov_20.434720
66	1732	1	1667	1667	1667	99.82	3788	1667	44.01	100.00	Ga0136518_1314	NODE_121727_length_1667_cov_15.552730
1678	2861	1	1184	1184	1184	99.41	3788	5216	31.26	22.70	Ga0136518_1314	NODE_23930_length_5216_cov_20.476846
1	3781	15688	19468	3781	3781	99.15	3784	66232	99.92	5.71	Ga0136518_1315	NODE_707_length_66232_cov_21.920773
735	2625	1	1891	1891	1891	99.89	3783	3185	49.99	59.37	Ga0136518_1316	NODE_47527_length_3185_cov_15.123323
1	3776	76774	72999	3776	3776	99.68	3776	87142	100.00	4.33	Ga0136518_1317	NODE_432_length_87142_cov_21.637879
1	3958	48154	44178	3958	3977	98.94	3958	55043	100.00	7.23	Ga0136518_1318	NODE_980_length_55043_cov_23.301793
1	4050	44804	40743	4050	4062	99.43	4050	51871	100.00	7.83	Ga0136518_1319	NODE_1081_length_51871_cov_18.769936
98	3760	14037	10375	3663	3663	99.48	3760	48434	97.42	7.56	Ga0136518_1320	NODE_1204_length_48434_cov_22.572976
1	1497	85646	87142	1497	1497	99.80	3740	87142	40.03	1.72	Ga0136518_1321	NODE_432_length_87142_cov_21.637879
2062	3740	1	1679	1679	1679	99.94	3740	4074	44.89	41.21	Ga0136518_1321	NODE_33702_length_4074_cov_21.752426
488	3737	69692	72941	3250	3250	99.88	3737	129640	86.97	2.51	Ga0136518_1322	NODE_212_length_129640_cov_19.658278
1	3732	48644	52375	3732	3732	99.52	3732	52706	100.00	7.08	Ga0136518_1323	NODE_1057_length_52706_cov_17.482251
1	1305	23078	24382	1305	1305	99.69	5890	76120	22.16	1.71	Ga0136518_1324	NODE_547_length_76120_cov_20.434720
1559	5890	24483	28822	4332	4340	99.68	5890	76120	73.55	5.70	Ga0136518_1324	NODE_547_length_76120_cov_20.434720
1	3726	72431	68706	3726	3726	99.68	3726	75333	100.00	4.95	Ga0136518_1325	NODE_558_length_75333_cov_20.757911
1	3717	78293	82009	3717	3717	99.62	3717	155733	100.00	2.39	Ga0136518_1326	NODE_140_length_155733_cov_20.115777
1	3704	54390	50687	3704	3704	99.78	3704	80056	100.00	4.63	Ga0136518_1327	NODE_492_length_80056_cov_18.992025
1	3696	11083	14778	3696	3696	99.27	3696	28614	100.00	12.92	Ga0136518_1328	NODE_2674_length_28614_cov_21.831507
1	3691	91775	95465	3691	3691	98.94	3691	102485	100.00	3.60	Ga0136518_1329	NODE_338_length_102485_cov_20.834131
1	3672	47068	50739	3672	3672	99.92	3672	67600	100.00	5.43	Ga0136518_1330	NODE_678_length_67600_cov_17.626323
1	3642	54088	50447	3642	3642	99.95	3642	113550	100.00	3.21	Ga0136518_1331	NODE_265_length_113550_cov_18.664628
1	3641	16074	19714	3641	3641	99.92	3641	30632	100.00	11.89	Ga0136518_1332	NODE_2437_length_30632_cov_20.102659
1	3636	11839	8204	3636	3636	99.70	3636	14212	100.00	25.58	Ga0136518_1333	NODE_6657_length_14212_cov_18.084693
722	3635	73046	75959	2914	2914	99.90	3635	155733	80.17	1.87	Ga0136518_1334	NODE_140_length_155733_cov_20.115777
1191	3633	1	2455	2443	2455	99.06	3633	41556	67.24	5.91	Ga0136518_1335	NODE_1547_length_41556_cov_19.320016
1	5004	26000	31014	5004	5015	99.64	5004	48783	100.00	10.28	Ga0136518_1336	NODE_1190_length_48783_cov_22.371552
1	3619	14160	10542	3619	3619	99.97	3619	32446	100.00	11.15	Ga0136518_1337	NODE_2252_length_32446_cov_20.228983
1	4953	13818	8857	4953	4962	99.60	5702	41556	86.86	11.94	Ga0136518_1338	NODE_1547_length_41556_cov_19.320016
1	5017	30577	25553	5017	5025	99.01	5017	53467	100.00	9.40	Ga0136518_1339	NODE_1028_length_53467_cov_19.783532
1	3571	4398	7968	3571	3571	99.69	3571	23857	100.00	14.97	Ga0136518_1340	NODE_3392_length_23857_cov_19.642761
1	3561	50768	54328	3561	3561	99.07	3561	55043	100.00	6.47	Ga0136518_1341	NODE_980_length_55043_cov_23.301793
1	3813	41911	45730	3813	3820	99.45	3813	113550	100.00	3.36	Ga0136518_1342	NODE_265_length_113550_cov_18.664628
1	4041	66704	70753	4041	4050	98.57	4041	107490	100.00	3.77	Ga0136518_1343	NODE_298_length_107490_cov_18.243533
1	3538	15453	18991	3538	3539	99.58	3538	48826	100.00	7.25	Ga0136518_1344	NODE_1186_length_48826_cov_19.613582
1	2277	79687	81963	2277	2277	99.17	3517	81963	64.74	2.78	Ga0136518_1345	NODE_467_length_81963_cov_21.356632
1	3513	25643	29155	3513	3513	99.69	3513	32446	100.00	10.83	Ga0136518_1346	NODE_2252_length_32446_cov_20.228983
1	5635	37132	31501	5635	5632	99.17	5635	48434	100.00	11.63	Ga0136518_1347	NODE_1204_length_48434_cov_22.572976
1	3490	249	3739	3490	3491	99.00	3490	41543	100.00	8.40	Ga0136518_1350	NODE_1548_length_41543_cov_20.751157
1	3486	29121	25636	3486	3486	99.89	3486	59591	100.00	5.85	Ga0136518_1351	NODE_844_length_59591_cov_23.538011
1	3479	20491	23969	3479	3479	98.82	3479	48621	100.00	7.16	Ga0136518_1352	NODE_1194_length_48621_cov_22.686447
1	3474	46706	43233	3474	3474	98.53	3474	52706	100.00	6.59	Ga0136518_1353	NODE_1057_length_52706_cov_17.482251
1	3471	28865	25395	3471	3471	99.65	3471	113550	100.00	3.06	Ga0136518_1354	NODE_265_length_113550_cov_18.664628
1	2871	49600	46730	2871	2871	99.65	3468	49994	82.79	5.74	Ga0136518_1355	NODE_1139_length_49994_cov_21.921965
1	3467	27424	23958	3467	3467	99.68	3467	43522	100.00	7.97	Ga0136518_1356	NODE_1447_length_43522_cov_21.571514
2	3467	7755	11220	3466	3466	99.02	3467	39564	99.97	8.76	Ga0136518_1357	NODE_1685_length_39564_cov_18.594092
1	3907	69293	73197	3907	3905	99.64	3907	81963	100.00	4.76	Ga0136518_1358	NODE_467_length_81963_cov_21.356632
1	3452	10463	7012	3452	3452	99.10	3452	61287	100.00	5.63	Ga0136518_1359	NODE_804_length_61287_cov_20.785031
226	3442	2284	5500	3217	3217	98.41	3442	28178	93.46	11.42	Ga0136518_1360	NODE_2730_length_28178_cov_20.502898
1	3435	4465	7899	3435	3435	99.77	3435	28178	100.00	12.19	Ga0136518_1361	NODE_2730_length_28178_cov_20.502898
1	3431	85216	88646	3431	3431	99.77	3431	154839	100.00	2.22	Ga0136518_1362	NODE_144_length_154839_cov_18.088943
1	3430	6046	2617	3430	3430	99.74	3430	19927	100.00	17.21	Ga0136518_1363	NODE_4287_length_19927_cov_18.021940
1	3428	102036	105463	3428	3428	99.77	3428	183182	100.00	1.87	Ga0136518_1364	NODE_104_length_183182_cov_19.606240
1	1628	27980	26353	1628	1628	99.32	3424	29593	47.55	5.50	Ga0136518_1365	NODE_2550_length_29593_cov_18.172151
1850	3424	26252	24678	1575	1575	99.56	3424	29593	46.00	5.32	Ga0136518_1365	NODE_2550_length_29593_cov_18.172151
1	3415	14049	10636	3415	3414	99.68	3415	41600	100.00	8.21	Ga0136518_1367	NODE_1545_length_41600_cov_22.188206
337	2616	2280	1	2280	2280	99.69	3412	113550	66.82	2.01	Ga0136518_1368	NODE_265_length_113550_cov_18.664628
1	2359	2359	1	2359	2359	98.90	3397	29593	69.44	7.97	Ga0136518_1370	NODE_2550_length_29593_cov_18.172151
1	6659	44947	51624	6659	6678	99.07	6659	53252	100.00	12.54	Ga0136518_1371	NODE_1036_length_53252_cov_22.829502
1	5707	18871	24584	5707	5714	98.88	5707	66232	100.00	8.63	Ga0136518_1372	NODE_707_length_66232_cov_21.920773
1	4858	47916	52781	4858	4866	99.63	4858	66232	100.00	7.35	Ga0136518_1373	NODE_707_length_66232_cov_21.920773
1	3373	83740	87112	3373	3373	99.41	3373	102485	100.00	3.29	Ga0136518_1374	NODE_338_length_102485_cov_20.834131
1	3372	95132	98502	3372	3371	99.41	3372	129640	100.00	2.60	Ga0136518_1375	NODE_212_length_129640_cov_19.658278
1	3370	34463	37832	3370	3370	99.76	3370	53467	100.00	6.30	Ga0136518_1376	NODE_1028_length_53467_cov_19.783532
1	3369	63374	60005	3369	3370	99.17	3369	183182	100.00	1.84	Ga0136518_1377	NODE_104_length_183182_cov_19.606240
1	2815	59688	62502	2815	2815	99.86	5502	76120	51.16	3.70	Ga0136518_1378	NODE_547_length_76120_cov_20.434720
3039	5502	62603	65078	2464	2476	99.23	5502	76120	44.78	3.25	Ga0136518_1378	NODE_547_length_76120_cov_20.434720
1	1548	31260	32821	1548	1562	98.08	3947	86571	39.22	1.80	Ga0136518_1379	NODE_438_length_86571_cov_22.171275
1771	3947	32922	35098	2177	2177	99.36	3947	86571	55.16	2.51	Ga0136518_1379	NODE_438_length_86571_cov_22.171275
374	3331	4600	7557	2958	2958	99.53	3331	67600	88.80	4.38	Ga0136518_1380	NODE_678_length_67600_cov_17.626323
1	3329	39896	43224	3329	3329	99.55	3329	58152	100.00	5.72	Ga0136518_1381	NODE_875_length_58152_cov_18.569840
5	3324	40761	44080	3320	3320	99.58	3324	48783	99.88	6.81	Ga0136518_1382	NODE_1190_length_48783_cov_22.371552
295	2588	43261	40957	2294	2305	99.26	3586	45181	63.97	5.10	Ga0136518_1384	NODE_1365_length_45181_cov_22.785334
2534	3586	40856	39804	1053	1053	99.34	3586	45181	29.36	2.33	Ga0136518_1384	NODE_1365_length_45181_cov_22.785334
1	2667	73029	75695	2667	2667	99.25	3300	92333	80.82	2.89	Ga0136518_1385	NODE_404_length_92333_cov_18.064479
1	3296	32539	35834	3296	3296	99.97	3296	85326	100.00	3.86	Ga0136518_1386	NODE_446_length_85326_cov_18.266867
1	3293	19560	22852	3293	3293	99.33	3293	23134	100.00	14.23	Ga0136518_1387	NODE_3540_length_23134_cov_19.494865
1	3264	658	3938	3264	3281	96.47	3264	21362	100.00	15.36	Ga0136518_1388	NODE_3930_length_21362_cov_16.530061
2	3247	57165	53920	3246	3246	99.82	3247	86571	99.97	3.75	Ga0136518_1389	NODE_438_length_86571_cov_22.171275
853	3247	72473	70079	2395	2395	99.50	3247	85326	73.76	2.81	Ga0136518_1390	NODE_446_length_85326_cov_18.266867
472	2055	3862	5445	1584	1584	98.61	3239	5445	48.90	29.09	Ga0136518_1391	NODE_22636_length_5445_cov_20.218738
2001	3239	1	1239	1239	1239	99.84	3239	40279	38.25	3.08	Ga0136518_1391	NODE_1643_length_40279_cov_21.011560
1	3236	11408	8173	3236	3236	99.04	3236	48783	100.00	6.63	Ga0136518_1392	NODE_1190_length_48783_cov_22.371552
913	3233	70298	72618	2321	2321	99.14	3233	155733	71.79	1.49	Ga0136518_1393	NODE_140_length_155733_cov_20.115777
1	3322	4115	786	3322	3330	99.67	3322	52706	100.00	6.32	Ga0136518_1394	NODE_1057_length_52706_cov_17.482251
1	2677	42680	40004	2677	2677	100.00	3212	59591	83.34	4.49	Ga0136518_1395	NODE_844_length_59591_cov_23.538011
1	3211	56709	59918	3211	3210	99.63	3211	107490	100.00	2.99	Ga0136518_1396	NODE_298_length_107490_cov_18.243533
1151	3202	5038	2987	2052	2052	98.59	3202	7726	64.08	26.56	Ga0136518_1399	NODE_14118_length_7726_cov_20.645548
1	3495	7308	10805	3495	3498	99.74	3495	81963	100.00	4.27	Ga0136518_1400	NODE_467_length_81963_cov_21.356632
668	1856	364	1538	1189	1175	90.24	3197	1538	37.19	76.40	Ga0136518_1401	NODE_137518_length_1538_cov_16.096426
1802	3197	1	1396	1396	1396	98.42	3197	41600	43.67	3.36	Ga0136518_1401	NODE_1545_length_41600_cov_22.188206
1	3187	18951	15765	3187	3187	98.40	3187	27195	100.00	11.72	Ga0136518_1402	NODE_2876_length_27195_cov_17.980766
1	3184	62018	65201	3184	3184	99.12	3184	75333	100.00	4.23	Ga0136518_1403	NODE_558_length_75333_cov_20.757911
4	3183	27764	24585	3180	3180	99.53	3183	29159	99.91	10.91	Ga0136518_1404	NODE_2600_length_29159_cov_20.573014
1	3181	18891	22071	3181	3181	99.59	3181	32007	100.00	9.94	Ga0136518_1405	NODE_2296_length_32007_cov_22.575770
1	4836	10215	15062	4836	4848	99.26	4836	30787	100.00	15.75	Ga0136518_1406	NODE_2421_length_30787_cov_23.120103
1	3160	32211	29052	3160	3160	99.91	3160	58152	100.00	5.43	Ga0136518_1408	NODE_875_length_58152_cov_18.569840
1	3156	33973	37129	3156	3157	98.07	3156	45181	100.00	6.99	Ga0136518_1409	NODE_1365_length_45181_cov_22.785334
1	3147	27154	30300	3147	3147	99.11	3147	66232	100.00	4.75	Ga0136518_1410	NODE_707_length_66232_cov_21.920773
1	3146	16560	19705	3146	3146	98.63	3146	23682	100.00	13.28	Ga0136518_1411	NODE_3424_length_23682_cov_21.150675
1	3143	78234	75092	3143	3143	100.00	3143	102485	100.00	3.07	Ga0136518_1412	NODE_338_length_102485_cov_20.834131
1	1456	30552	32007	1456	1456	98.70	3141	32007	46.35	4.55	Ga0136518_1413	NODE_2296_length_32007_cov_22.575770
1402	3141	1	1740	1740	1740	99.77	3141	5445	55.40	31.96	Ga0136518_1413	NODE_22636_length_5445_cov_20.218738
422	3111	6898	4209	2690	2690	99.96	3137	6898	85.75	39.00	Ga0136518_1414	NODE_16381_length_6898_cov_13.038580
1	3119	48223	51341	3119	3119	99.90	3119	58152	100.00	5.36	Ga0136518_1416	NODE_875_length_58152_cov_18.569840
1	3115	11042	14156	3115	3115	99.29	3115	48621	100.00	6.41	Ga0136518_1417	NODE_1194_length_48621_cov_22.686447
1	3115	77022	80136	3115	3115	99.78	3115	81963	100.00	3.80	Ga0136518_1418	NODE_467_length_81963_cov_21.356632
1	3114	4555	7668	3114	3114	99.23	3114	15125	100.00	20.59	Ga0136518_1419	NODE_6136_length_15125_cov_19.047843
2050	3109	1699	640	1060	1060	100.00	3109	1699	34.09	62.39	Ga0136518_1420	NODE_118240_length_1699_cov_11.075426
1	3108	64012	67119	3108	3108	99.13	3108	80056	100.00	3.88	Ga0136518_1421	NODE_492_length_80056_cov_18.992025
165	3107	26628	23686	2943	2943	99.05	3107	85326	94.72	3.45	Ga0136518_1422	NODE_446_length_85326_cov_18.266867
160	2725	18080	20645	2566	2566	99.84	3107	26465	82.59	9.70	Ga0136518_1423	NODE_2964_length_26465_cov_21.432791
734	3102	72075	74443	2369	2369	99.79	3102	80056	76.37	2.96	Ga0136518_1424	NODE_492_length_80056_cov_18.992025
1	3100	18605	21704	3100	3100	99.55	3100	28178	100.00	11.00	Ga0136518_1425	NODE_2730_length_28178_cov_20.502898
560	3100	107466	110006	2541	2541	99.37	3100	113550	81.97	2.24	Ga0136518_1426	NODE_265_length_113550_cov_18.664628
1	3090	29246	32335	3090	3090	99.81	3090	155733	100.00	1.98	Ga0136518_1427	NODE_140_length_155733_cov_20.115777
1	3090	43629	46718	3090	3090	99.45	3090	66232	100.00	4.67	Ga0136518_1428	NODE_707_length_66232_cov_21.920773
4	3089	21838	24923	3086	3086	98.02	3089	61884	99.90	4.99	Ga0136518_1429	NODE_791_length_61884_cov_21.245581
1	3087	5591	2505	3087	3087	99.84	3087	8385	100.00	36.82	Ga0136518_1431	NODE_12691_length_8385_cov_19.187275
1	1960	1960	1	1960	1960	99.59	3085	48783	63.53	4.02	Ga0136518_1432	NODE_1190_length_48783_cov_22.371552
1	3078	11773	14850	3078	3078	98.38	3078	15125	100.00	20.35	Ga0136518_1433	NODE_6136_length_15125_cov_19.047843
1	3078	16025	19102	3078	3078	98.73	3078	28178	100.00	10.92	Ga0136518_1434	NODE_2730_length_28178_cov_20.502898
692	3075	3511	1128	2384	2384	98.41	3075	53467	77.53	4.46	Ga0136518_1435	NODE_1028_length_53467_cov_19.783532
275	1515	53467	52227	1241	1241	99.92	3073	53467	40.38	2.32	Ga0136518_1436	NODE_1028_length_53467_cov_19.783532
2063	3073	52126	51116	1011	1011	99.70	3073	53467	32.90	1.89	Ga0136518_1436	NODE_1028_length_53467_cov_19.783532
1	2999	2999	1	2999	2999	99.53	3066	33935	97.81	8.84	Ga0136518_1437	NODE_2122_length_33935_cov_18.777155
1	3699	19615	23339	3699	3725	98.68	3699	30632	100.00	12.16	Ga0136518_1438	NODE_2437_length_30632_cov_20.102659
1	3057	22736	25792	3057	3057	99.87	3057	113550	100.00	2.69	Ga0136518_1439	NODE_265_length_113550_cov_18.664628
1	3051	10850	7800	3051	3051	99.87	3051	28178	100.00	10.83	Ga0136518_1440	NODE_2730_length_28178_cov_20.502898
1	3047	12995	16041	3047	3047	99.54	3047	23050	100.00	13.22	Ga0136518_1441	NODE_3559_length_23050_cov_19.907763
1	3045	108645	111689	3045	3045	99.67	3045	154839	100.00	1.97	Ga0136518_1442	NODE_144_length_154839_cov_18.088943
1	2398	14530	12133	2398	2398	99.62	3043	57760	78.80	4.15	Ga0136518_1443	NODE_891_length_57760_cov_22.026445
1	3628	21550	25186	3628	3637	98.98	3628	39080	100.00	9.31	Ga0136518_1444	NODE_1719_length_39080_cov_20.816938
1	3031	34245	31215	3031	3031	99.08	3031	48621	100.00	6.23	Ga0136518_1445	NODE_1194_length_48621_cov_22.686447
1	2949	11553	8605	2949	2949	99.39	3031	33935	97.29	8.69	Ga0136518_1446	NODE_2122_length_33935_cov_18.777155
1	3012	3406	395	3012	3012	99.20	3012	23857	100.00	12.63	Ga0136518_1447	NODE_3392_length_23857_cov_19.642761
3	2466	8173	10637	2464	2465	99.76	3012	21362	81.81	11.54	Ga0136518_1448	NODE_3930_length_21362_cov_16.530061
1	3286	74133	77431	3286	3299	99.36	3286	86571	100.00	3.81	Ga0136518_1450	NODE_438_length_86571_cov_22.171275
1	3004	19981	16978	3004	3004	99.47	3004	48621	100.00	6.18	Ga0136518_1451	NODE_1194_length_48621_cov_22.686447
1	3213	11771	14989	3213	3219	99.32	3213	23134	100.00	13.91	Ga0136518_1452	NODE_3540_length_23134_cov_19.494865
1	4024	1	4035	4024	4035	99.08	4024	7453	100.00	54.14	Ga0136518_1453	NODE_14824_length_7453_cov_20.011084
1	2939	2939	1	2939	2939	99.76	3404	76120	86.34	3.86	Ga0136518_1454	NODE_547_length_76120_cov_20.434720
1	2140	23440	21301	2140	2140	99.95	6790	26417	31.52	8.10	Ga0136518_1455	NODE_2969_length_26417_cov_18.058304
2499	4795	21200	18898	2297	2303	99.70	6790	26417	33.83	8.72	Ga0136518_1455	NODE_2969_length_26417_cov_18.058304
4741	6790	18797	16733	2050	2065	98.69	6790	26417	30.19	7.82	Ga0136518_1455	NODE_2969_length_26417_cov_18.058304
1	2922	2922	1	2922	2922	99.90	3312	61287	88.22	4.77	Ga0136518_1456	NODE_804_length_61287_cov_20.785031
1	3170	5914	2735	3170	3180	98.84	3170	9693	100.00	32.81	Ga0136518_1457	NODE_10548_length_9693_cov_18.925192
1	3238	18354	21567	3238	3214	97.22	3238	27195	100.00	11.82	Ga0136518_1459	NODE_2876_length_27195_cov_17.980766
1	4505	1285	5797	4505	4513	99.03	4505	23692	100.00	19.05	Ga0136518_1460	NODE_3420_length_23692_cov_21.010280
1	4213	120221	115983	4213	4239	98.94	4218	155733	99.88	2.72	Ga0136518_1461	NODE_140_length_155733_cov_20.115777
1	3911	10836	6899	3911	3938	98.48	3911	23050	100.00	17.08	Ga0136518_1462	NODE_3559_length_23050_cov_19.907763
1	3049	18762	21797	3049	3036	98.95	3049	86571	100.00	3.51	Ga0136518_1463	NODE_438_length_86571_cov_22.171275
1	3074	23240	26320	3074	3081	99.51	3074	30632	100.00	10.06	Ga0136518_1464	NODE_2437_length_30632_cov_20.102659
1	3317	57615	54291	3317	3325	98.86	3317	80056	100.00	4.15	Ga0136518_1465	NODE_492_length_80056_cov_18.992025
3277	4374	1	1098	1098	1098	100.00	4374	27738	25.10	3.96	Ga0136518_1466	NODE_2795_length_27738_cov_17.079363
1	1637	39964	41600	1637	1637	99.14	3849	41600	42.53	3.94	Ga0136518_1468	NODE_1545_length_41600_cov_22.188206
2084	3849	4132	2367	1766	1766	99.32	3849	4132	45.88	42.74	Ga0136518_1468	NODE_33072_length_4132_cov_23.948492
1	3680	1306	4993	3680	3688	99.35	3680	86571	100.00	4.26	Ga0136518_1469	NODE_438_length_86571_cov_22.171275
491	2848	1	2366	2358	2366	98.52	3125	16042	75.46	14.75	Ga0136518_1470	NODE_5697_length_16042_cov_23.929005
