/scratch/users/karoraw1@jhu.edu/THRASH_LIBS/REFERENCE_BINS/just_sequences/94264.assembled.fna /scratch/users/karoraw1@jhu.edu/THRASH_LIBS/DNA_BINS/maxbin2_bins/bin.312.fa
NUCMER

[S1]	[E1]	[S2]	[E2]	[LEN 1]	[LEN 2]	[% IDY]	[LEN R]	[LEN Q]	[COV R]	[COV Q]	[TAGS]
1	1540	365978	367517	1540	1540	100.00	75104	580752	2.05	0.27	Ga0136522_1001	NODE_4_length_580752_cov_10.440455
1504	75104	367618	441218	73601	73601	99.99	75104	580752	98.00	12.67	Ga0136522_1001	NODE_4_length_580752_cov_10.440455
1	62735	189817	127083	62735	62735	99.99	62735	580752	100.00	10.80	Ga0136522_1002	NODE_4_length_580752_cov_10.440455
1	14392	14392	1	14392	14392	100.00	61906	53717	23.25	26.79	Ga0136522_1003	NODE_1016_length_53717_cov_10.449014
16981	61906	101050	56125	44926	44926	99.99	61906	101050	72.57	44.46	Ga0136522_1003	NODE_346_length_101050_cov_10.015407
1	56327	127130	70804	56327	56327	99.99	56327	580752	100.00	9.70	Ga0136522_1004	NODE_4_length_580752_cov_10.440455
39	49318	1	49280	49280	49280	99.99	49318	83141	99.92	59.27	Ga0136522_1005	NODE_460_length_83141_cov_9.783369
1	45940	69066	115005	45940	45940	100.00	45940	242217	100.00	18.97	Ga0136522_1006	NODE_55_length_242217_cov_9.244241
1	45477	157935	112459	45477	45477	99.99	45477	209778	100.00	21.68	Ga0136522_1007	NODE_83_length_209778_cov_9.319402
1	44596	485783	441188	44596	44596	99.99	44596	580752	100.00	7.68	Ga0136522_1008	NODE_4_length_580752_cov_10.440455
1	41767	44301	2535	41767	41767	100.00	41767	217800	100.00	19.18	Ga0136522_1009	NODE_75_length_217800_cov_9.986172
1	40681	338930	298250	40681	40681	100.00	40681	580752	100.00	7.00	Ga0136522_1010	NODE_4_length_580752_cov_10.440455
1	40104	297627	337730	40104	40104	99.99	40104	343057	100.00	11.69	Ga0136522_1011	NODE_24_length_343057_cov_9.667206
1	38969	269952	230984	38969	38969	100.00	38969	343057	100.00	11.36	Ga0136522_1012	NODE_24_length_343057_cov_9.667206
1	36326	64357	28032	36326	36326	99.99	36326	242217	100.00	15.00	Ga0136522_1013	NODE_55_length_242217_cov_9.244241
240	35919	1	35680	35680	35680	100.00	35919	209778	99.33	17.01	Ga0136522_1014	NODE_83_length_209778_cov_9.319402
1	33661	48629	82289	33661	33661	100.00	33661	343057	100.00	9.81	Ga0136522_1015	NODE_24_length_343057_cov_9.667206
1	30802	485730	516531	30802	30802	100.00	30802	580752	100.00	5.30	Ga0136522_1016	NODE_4_length_580752_cov_10.440455
1	30231	272123	241893	30231	30231	99.99	30231	580752	100.00	5.21	Ga0136522_1017	NODE_4_length_580752_cov_10.440455
1	29332	170407	141076	29332	29332	99.99	29332	217800	100.00	13.47	Ga0136522_1018	NODE_75_length_217800_cov_9.986172
1	28961	43326	14366	28961	28961	100.00	28961	53717	100.00	53.91	Ga0136522_1019	NODE_1016_length_53717_cov_10.449014
1	28723	124742	96020	28723	28723	99.99	28723	129755	100.00	22.14	Ga0136522_1020	NODE_211_length_129755_cov_8.520093
1	28699	235116	206418	28699	28699	100.00	28699	580752	100.00	4.94	Ga0136522_1021	NODE_4_length_580752_cov_10.440455
1	28575	174456	145882	28575	28575	100.00	28575	183785	100.00	15.55	Ga0136522_1022	NODE_103_length_183785_cov_8.672421
1	28408	46265	17858	28408	28408	100.00	28408	137557	100.00	20.65	Ga0136522_1023	NODE_191_length_137557_cov_8.996582
1	11312	56946	68257	11312	11312	99.97	28140	209893	40.20	5.39	Ga0136522_1024	NODE_82_length_209893_cov_8.679391
11304	28140	68358	85194	16837	16837	100.00	28140	209893	59.83	8.02	Ga0136522_1024	NODE_82_length_209893_cov_8.679391
1	27727	570822	543096	27727	27727	99.99	27727	580752	100.00	4.77	Ga0136522_1025	NODE_4_length_580752_cov_10.440455
1	27536	29329	1794	27536	27536	99.99	27536	122750	100.00	22.43	Ga0136522_1026	NODE_227_length_122750_cov_10.144937
1	27290	13976	41265	27290	27290	100.00	27290	154255	100.00	17.69	Ga0136522_1027	NODE_146_length_154255_cov_9.155435
1	27115	70822	97936	27115	27115	100.00	27115	137557	100.00	19.71	Ga0136522_1028	NODE_191_length_137557_cov_8.996582
1	26971	10269	37239	26971	26971	100.00	26971	101050	100.00	26.69	Ga0136522_1029	NODE_346_length_101050_cov_10.015407
1	26898	20236	47133	26898	26898	99.99	26898	106599	100.00	25.23	Ga0136522_1030	NODE_306_length_106599_cov_9.133259
1	25954	50894	76847	25954	25954	100.00	25954	154255	100.00	16.83	Ga0136522_1031	NODE_146_length_154255_cov_9.155435
1	25454	146561	121108	25454	25454	99.99	25454	241808	100.00	10.53	Ga0136522_1032	NODE_56_length_241808_cov_9.306155
1	25011	69302	94312	25011	25011	100.00	25011	122750	100.00	20.38	Ga0136522_1033	NODE_227_length_122750_cov_10.144937
1	24966	80252	55287	24966	24966	100.00	24966	100062	100.00	24.95	Ga0136522_1034	NODE_351_length_100062_cov_9.386133
1	24949	187616	162668	24949	24949	100.00	24949	209778	100.00	11.89	Ga0136522_1035	NODE_83_length_209778_cov_9.319402
1	24836	139794	114959	24836	24836	99.99	24836	242217	100.00	10.25	Ga0136522_1036	NODE_55_length_242217_cov_9.244241
1	24704	62071	86774	24704	24704	99.99	24704	217800	100.00	11.34	Ga0136522_1037	NODE_75_length_217800_cov_9.986172
1	24200	518953	543152	24200	24200	100.00	24200	580752	100.00	4.17	Ga0136522_1038	NODE_4_length_580752_cov_10.440455
1	23786	167014	190799	23786	23786	99.99	23786	248366	100.00	9.58	Ga0136522_1039	NODE_53_length_248366_cov_8.898361
1	23517	70808	94324	23517	23517	100.00	23517	241808	100.00	9.73	Ga0136522_1040	NODE_56_length_241808_cov_9.306155
1	20176	121314	101139	20176	20176	100.00	23303	137557	86.58	14.67	Ga0136522_1041	NODE_191_length_137557_cov_8.996582
20159	23303	101038	97894	3145	3145	100.00	23303	137557	13.50	2.29	Ga0136522_1041	NODE_191_length_137557_cov_8.996582
1	22973	34973	12001	22973	22973	99.99	22973	35647	100.00	64.45	Ga0136522_1042	NODE_1974_length_35647_cov_9.310941
1	22740	241699	218960	22740	22740	100.00	22740	241808	100.00	9.40	Ga0136522_1043	NODE_56_length_241808_cov_9.306155
245	22157	168091	146179	21913	21913	99.99	22157	168374	98.90	13.01	Ga0136522_1044	NODE_123_length_168374_cov_9.385447
1118	2173	67781	66730	1056	1052	83.68	22157	88192	4.77	1.19	Ga0136522_1044	NODE_427_length_88192_cov_8.632254
767	21796	120757	99728	21030	21030	99.99	21796	217800	96.49	9.66	Ga0136522_1045	NODE_75_length_217800_cov_9.986172
1	21278	135770	114493	21278	21278	100.00	21278	343057	100.00	6.20	Ga0136522_1046	NODE_24_length_343057_cov_9.667206
1	17414	105337	122750	17414	17414	99.94	21204	122750	82.13	14.19	Ga0136522_1047	NODE_227_length_122750_cov_10.144937
17360	21204	1	3845	3845	3845	99.97	21204	580752	18.13	0.66	Ga0136522_1047	NODE_4_length_580752_cov_10.440455
1	21147	27540	6394	21147	21147	100.00	21147	47591	100.00	44.43	Ga0136522_1048	NODE_1250_length_47591_cov_9.084105
1	21099	20396	41494	21099	21099	99.99	21099	109392	100.00	19.29	Ga0136522_1049	NODE_287_length_109392_cov_9.175211
1	21083	10685	31767	21083	21083	99.98	21083	31880	100.00	66.13	Ga0136522_1050	NODE_2305_length_31880_cov_8.323394
1	20944	160704	139761	20944	20944	100.00	20944	242217	100.00	8.65	Ga0136522_1051	NODE_55_length_242217_cov_9.244241
1	19901	48626	28726	19901	19901	99.99	19901	241808	100.00	8.23	Ga0136522_1052	NODE_56_length_241808_cov_9.306155
1	19744	120895	140638	19744	19744	99.98	19744	217800	100.00	9.07	Ga0136522_1053	NODE_75_length_217800_cov_9.986172
1	19473	49622	69094	19473	19473	100.00	19473	106599	100.00	18.27	Ga0136522_1054	NODE_306_length_106599_cov_9.133259
1	19142	116937	97796	19142	19142	100.00	19142	168374	100.00	11.37	Ga0136522_1055	NODE_123_length_168374_cov_9.385447
1	17046	18256	1211	17046	17046	100.00	19049	22355	89.49	76.25	Ga0136522_1056	NODE_3722_length_22355_cov_13.745381
16992	19049	20257	18200	2058	2058	100.00	19049	22355	10.80	9.21	Ga0136522_1056	NODE_3722_length_22355_cov_13.745381
1	18892	179715	198606	18892	18892	100.00	18892	241808	100.00	7.81	Ga0136522_1057	NODE_56_length_241808_cov_9.306155
1	17911	17911	1	17911	17911	100.00	18321	137557	97.76	13.02	Ga0136522_1058	NODE_191_length_137557_cov_8.996582
1	18205	153196	171400	18205	18205	100.00	18205	343057	100.00	5.31	Ga0136522_1059	NODE_24_length_343057_cov_9.667206
1	18094	11234	29327	18094	18094	99.99	18094	248366	100.00	7.29	Ga0136522_1060	NODE_53_length_248366_cov_8.898361
1	17824	91569	109392	17824	17824	100.00	17869	109392	99.75	16.29	Ga0136522_1061	NODE_287_length_109392_cov_9.175211
1	17850	17850	1	17850	17850	99.99	17856	109392	99.97	16.32	Ga0136522_1062	NODE_287_length_109392_cov_9.175211
1	17633	231033	213401	17633	17633	99.99	17633	343057	100.00	5.14	Ga0136522_1063	NODE_24_length_343057_cov_9.667206
1	17623	69399	51777	17623	17623	99.99	17623	122750	100.00	14.36	Ga0136522_1064	NODE_227_length_122750_cov_10.144937
1	17526	53297	70822	17526	17526	99.98	17526	109392	100.00	16.02	Ga0136522_1065	NODE_287_length_109392_cov_9.175211
1	15480	200333	215812	15480	15480	99.99	17319	217800	89.38	7.11	Ga0136522_1066	NODE_75_length_217800_cov_9.986172
15294	17281	215813	217800	1988	1988	100.00	17319	217800	11.48	0.91	Ga0136522_1066	NODE_75_length_217800_cov_9.986172
1	17228	121553	138780	17228	17228	99.99	17228	248366	100.00	6.94	Ga0136522_1067	NODE_53_length_248366_cov_8.898361
1	16994	49039	32046	16994	16994	100.00	16994	183785	100.00	9.25	Ga0136522_1068	NODE_103_length_183785_cov_8.672421
1	16825	3779	20603	16825	16825	99.96	16825	580752	100.00	2.90	Ga0136522_1069	NODE_4_length_580752_cov_10.440455
1	16708	189763	206470	16708	16708	99.99	16708	580752	100.00	2.88	Ga0136522_1070	NODE_4_length_580752_cov_10.440455
1	16608	120139	103532	16608	16608	100.00	16608	248366	100.00	6.69	Ga0136522_1071	NODE_53_length_248366_cov_8.898361
1	16474	24650	8177	16474	16474	100.00	16474	45564	100.00	36.16	Ga0136522_1072	NODE_1342_length_45564_cov_9.045266
1	16080	165894	149815	16080	16080	100.00	16080	223639	100.00	7.19	Ga0136522_1073	NODE_69_length_223639_cov_8.681775
1	15624	62121	46498	15624	15624	99.99	15624	217800	100.00	7.17	Ga0136522_1074	NODE_75_length_217800_cov_9.986172
1	15576	108844	124419	15576	15576	100.00	15576	183785	100.00	8.48	Ga0136522_1075	NODE_103_length_183785_cov_8.672421
1	15534	187558	203091	15534	15534	100.00	15534	209778	100.00	7.40	Ga0136522_1076	NODE_83_length_209778_cov_9.319402
1	15488	64851	49364	15488	15488	100.00	15488	137557	100.00	11.26	Ga0136522_1077	NODE_191_length_137557_cov_8.996582
1	15332	185043	200374	15332	15332	99.99	15332	217800	100.00	7.04	Ga0136522_1078	NODE_75_length_217800_cov_9.986172
1	15140	194430	209569	15140	15140	100.00	15140	209893	100.00	7.21	Ga0136522_1079	NODE_82_length_209893_cov_8.679391
1	15100	204477	189378	15100	15100	100.00	15100	242217	100.00	6.23	Ga0136522_1080	NODE_55_length_242217_cov_9.244241
1	15048	298278	283231	15048	15048	100.00	15048	580752	100.00	2.59	Ga0136522_1081	NODE_4_length_580752_cov_10.440455
1	14793	33409	48201	14793	14793	99.99	14793	580752	100.00	2.55	Ga0136522_1082	NODE_4_length_580752_cov_10.440455
1	14740	170373	185112	14740	14740	99.99	14740	217800	100.00	6.77	Ga0136522_1083	NODE_75_length_217800_cov_9.986172
1	14570	37399	22830	14570	14570	100.00	14570	37914	100.00	38.43	Ga0136522_1084	NODE_1788_length_37914_cov_8.937241
1	14553	45679	31127	14553	14553	99.99	14553	248366	100.00	5.86	Ga0136522_1085	NODE_53_length_248366_cov_8.898361
40	8068	1	8029	8029	8029	100.00	14442	8029	55.59	100.00	Ga0136522_1086	NODE_13422_length_8029_cov_9.712942
8014	14442	242217	235789	6429	6429	100.00	14442	242217	44.52	2.65	Ga0136522_1086	NODE_55_length_242217_cov_9.244241
1	14251	181046	195296	14251	14251	99.99	14251	343057	100.00	4.15	Ga0136522_1087	NODE_24_length_343057_cov_9.667206
1	14060	80943	95002	14060	14060	100.00	14060	168374	100.00	8.35	Ga0136522_1088	NODE_123_length_168374_cov_9.385447
1	13487	2361	15847	13487	13487	99.99	13487	241808	100.00	5.58	Ga0136522_1089	NODE_56_length_241808_cov_9.306155
1	13186	78187	65002	13186	13186	99.99	13186	223639	100.00	5.90	Ga0136522_1090	NODE_69_length_223639_cov_8.681775
1	13002	54372	41371	13002	13002	100.00	13002	68123	100.00	19.09	Ga0136522_1091	NODE_667_length_68123_cov_8.918581
1	12856	19239	32094	12856	12856	100.00	12856	183785	100.00	7.00	Ga0136522_1092	NODE_103_length_183785_cov_8.672421
1	5007	5007	1	5007	5007	100.00	12692	5284	39.45	94.76	Ga0136522_1093	NODE_23522_length_5284_cov_8.822911
1	12659	13723	26381	12659	12659	99.99	12659	242217	100.00	5.23	Ga0136522_1094	NODE_55_length_242217_cov_9.244241
1	12611	99775	87165	12611	12611	100.00	12611	217800	100.00	5.79	Ga0136522_1095	NODE_75_length_217800_cov_9.986172
184	12271	1	12088	12088	12088	100.00	12271	23953	98.51	50.47	Ga0136522_1096	NODE_3369_length_23953_cov_9.703490
1	12200	16166	28365	12200	12200	100.00	12200	129755	100.00	9.40	Ga0136522_1097	NODE_211_length_129755_cov_8.520093
1	12040	350920	338881	12040	12040	100.00	12040	580752	100.00	2.07	Ga0136522_1098	NODE_4_length_580752_cov_10.440455
1	12024	29280	41303	12024	12024	100.00	12024	122750	100.00	9.80	Ga0136522_1099	NODE_227_length_122750_cov_10.144937
1	11950	52067	40118	11950	11950	100.00	11950	209778	100.00	5.70	Ga0136522_1100	NODE_83_length_209778_cov_9.319402
1	11921	125586	137506	11921	11921	99.99	11921	168374	100.00	7.08	Ga0136522_1101	NODE_123_length_168374_cov_9.385447
163	1555	341665	343057	1393	1393	100.00	11828	343057	11.78	0.41	Ga0136522_1103	NODE_24_length_343057_cov_9.667206
1501	11828	1	10328	10328	10328	99.99	11828	101050	87.32	10.22	Ga0136522_1103	NODE_346_length_101050_cov_10.015407
1	11822	33272	45093	11822	11822	100.00	11822	129755	100.00	9.11	Ga0136522_1104	NODE_211_length_129755_cov_8.520093
1	11730	38188	49917	11730	11730	100.00	11730	168374	100.00	6.97	Ga0136522_1105	NODE_123_length_168374_cov_9.385447
1	11729	189392	177664	11729	11729	99.99	11729	242217	100.00	4.84	Ga0136522_1106	NODE_55_length_242217_cov_9.244241
1	11615	48833	60447	11615	11615	100.00	11615	580752	100.00	2.00	Ga0136522_1107	NODE_4_length_580752_cov_10.440455
1	11543	93784	82242	11543	11543	99.99	11543	343057	100.00	3.36	Ga0136522_1108	NODE_24_length_343057_cov_9.667206
1	11449	165042	153594	11449	11449	100.00	11449	209893	100.00	5.45	Ga0136522_1109	NODE_82_length_209893_cov_8.679391
1	11341	49028	60361	11341	11334	99.92	11341	183785	100.00	6.17	Ga0136522_1110	NODE_103_length_183785_cov_8.672421
1	11330	62112	50783	11330	11330	99.96	11330	223639	100.00	5.07	Ga0136522_1111	NODE_69_length_223639_cov_8.681775
1	11115	73809	84923	11115	11115	100.00	11115	109392	100.00	10.16	Ga0136522_1112	NODE_287_length_109392_cov_9.175211
1	11073	176037	187109	11073	11073	100.00	11073	223639	100.00	4.95	Ga0136522_1113	NODE_69_length_223639_cov_8.681775
1	11061	11148	88	11061	11061	100.00	11061	24599	100.00	44.97	Ga0136522_1114	NODE_3259_length_24599_cov_8.981584
1	10929	60813	49885	10929	10929	99.99	10929	168374	100.00	6.49	Ga0136522_1115	NODE_123_length_168374_cov_9.385447
1	10443	43275	53717	10443	10443	99.97	10817	53717	96.54	19.44	Ga0136522_1116	NODE_1016_length_53717_cov_10.449014
34	10758	137557	126833	10725	10725	100.00	10758	137557	99.69	7.80	Ga0136522_1117	NODE_191_length_137557_cov_8.996582
1	10466	54329	64794	10466	10466	100.00	10466	68123	100.00	15.36	Ga0136522_1118	NODE_667_length_68123_cov_8.918581
1	10458	70854	60397	10458	10458	100.00	10458	580752	100.00	1.80	Ga0136522_1119	NODE_4_length_580752_cov_10.440455
1	10454	272071	282524	10454	10454	100.00	10454	580752	100.00	1.80	Ga0136522_1120	NODE_4_length_580752_cov_10.440455
1	8776	8776	1	8776	8776	100.00	10280	223639	85.37	3.92	Ga0136522_1121	NODE_69_length_223639_cov_8.681775
8722	10280	2489	931	1559	1559	100.00	10280	2489	15.17	62.64	Ga0136522_1121	NODE_67430_length_2489_cov_5.285949
1	10235	101713	91479	10235	10235	100.00	10235	183785	100.00	5.57	Ga0136522_1122	NODE_103_length_183785_cov_8.672421
1	10232	104260	114491	10232	10232	100.00	10232	209893	100.00	4.87	Ga0136522_1123	NODE_82_length_209893_cov_8.679391
1	10229	22335	12107	10229	10229	100.00	10229	23953	100.00	42.70	Ga0136522_1124	NODE_3369_length_23953_cov_9.703490
1	4686	13183	17868	4686	4686	100.00	10187	24599	46.00	19.05	Ga0136522_1125	NODE_3259_length_24599_cov_8.981584
4588	10187	17832	23431	5600	5600	99.98	10187	24599	54.97	22.77	Ga0136522_1125	NODE_3259_length_24599_cov_8.981584
1	3208	570774	573981	3208	3208	100.00	10181	580752	31.51	0.55	Ga0136522_1126	NODE_4_length_580752_cov_10.440455
3385	10055	574082	580752	6671	6671	99.99	10181	580752	65.52	1.15	Ga0136522_1126	NODE_4_length_580752_cov_10.440455
46	10060	1	10015	10015	10015	99.99	10060	14027	99.55	71.40	Ga0136522_1127	NODE_6755_length_14027_cov_8.823433
1	5890	20637	14748	5890	5890	100.00	10059	21301	58.55	27.65	Ga0136522_1128	NODE_3947_length_21301_cov_8.676316
5870	10059	14647	10458	4190	4190	100.00	10059	21301	41.65	19.67	Ga0136522_1128	NODE_3947_length_21301_cov_8.676316
1	9934	61549	71482	9934	9934	100.00	9934	209778	100.00	4.74	Ga0136522_1129	NODE_83_length_209778_cov_9.319402
1	9925	222348	212424	9925	9925	100.00	9925	242217	100.00	4.10	Ga0136522_1130	NODE_55_length_242217_cov_9.244241
1	9874	2533	12406	9874	9874	100.00	9874	154255	100.00	6.40	Ga0136522_1131	NODE_146_length_154255_cov_9.155435
1	9858	10015	158	9858	9858	100.00	9858	100062	100.00	9.85	Ga0136522_1132	NODE_351_length_100062_cov_9.386133
1	9767	181106	171340	9767	9767	100.00	9767	343057	100.00	2.85	Ga0136522_1133	NODE_24_length_343057_cov_9.667206
1	9760	81185	71426	9760	9760	100.00	9760	209778	100.00	4.65	Ga0136522_1134	NODE_83_length_209778_cov_9.319402
1	3770	78867	75098	3770	3770	100.00	9717	106599	38.80	3.54	Ga0136522_1135	NODE_306_length_106599_cov_9.133259
3759	9717	74997	69039	5959	5959	100.00	9717	106599	61.33	5.59	Ga0136522_1135	NODE_306_length_106599_cov_9.133259
1	9701	50947	41247	9701	9701	100.00	9701	122750	100.00	7.90	Ga0136522_1136	NODE_227_length_122750_cov_10.144937
1	1440	1384	2823	1440	1440	99.93	9654	168374	14.92	0.86	Ga0136522_1137	NODE_123_length_168374_cov_9.385447
1385	9654	2831	11100	8270	8270	100.00	9654	168374	85.66	4.91	Ga0136522_1137	NODE_123_length_168374_cov_9.385447
1	9576	14866	5291	9576	9576	100.00	9576	30338	100.00	31.56	Ga0136522_1138	NODE_2462_length_30338_cov_8.975498
1	9527	150414	140888	9527	9527	99.99	9527	343057	100.00	2.78	Ga0136522_1139	NODE_24_length_343057_cov_9.667206
1	9526	103269	93744	9526	9526	100.00	9526	343057	100.00	2.78	Ga0136522_1140	NODE_24_length_343057_cov_9.667206
1	9385	71612	80996	9385	9385	100.00	9385	168374	100.00	5.57	Ga0136522_1141	NODE_123_length_168374_cov_9.385447
1	9313	88574	79262	9313	9313	100.00	9313	106599	100.00	8.74	Ga0136522_1142	NODE_306_length_106599_cov_9.133259
1	9264	94437	103700	9264	9264	99.99	9264	209778	100.00	4.42	Ga0136522_1143	NODE_83_length_209778_cov_9.319402
1	9254	14383	5130	9254	9254	99.94	9254	15194	100.00	60.91	Ga0136522_1144	NODE_6098_length_15194_cov_9.885726
1	9172	5357	14528	9172	9172	100.00	9172	22737	100.00	40.34	Ga0136522_1145	NODE_3632_length_22737_cov_8.725686
1	9153	7151	16303	9153	9153	100.00	9153	68123	100.00	13.44	Ga0136522_1146	NODE_667_length_68123_cov_8.918581
1	9108	99413	108520	9108	9108	99.99	9108	154255	100.00	5.90	Ga0136522_1147	NODE_146_length_154255_cov_9.155435
341	9082	32905	24164	8742	8742	100.00	9082	32905	96.26	26.57	Ga0136522_1148	NODE_2214_length_32905_cov_10.069376
1	9052	103238	112289	9052	9052	100.00	9052	343057	100.00	2.64	Ga0136522_1149	NODE_24_length_343057_cov_9.667206
1	9026	64429	55404	9026	9026	100.00	9026	241808	100.00	3.73	Ga0136522_1150	NODE_56_length_241808_cov_9.306155
1	8865	8865	1	8865	8865	100.00	8894	21301	99.67	41.62	Ga0136522_1151	NODE_3947_length_21301_cov_8.676316
190	8877	50707	42020	8688	8688	99.99	8877	223639	97.87	3.88	Ga0136522_1152	NODE_69_length_223639_cov_8.681775
1	8867	112513	103647	8867	8867	100.00	8867	209778	100.00	4.23	Ga0136522_1153	NODE_83_length_209778_cov_9.319402
1	8844	168902	177745	8844	8844	100.00	8844	242217	100.00	3.65	Ga0136522_1154	NODE_55_length_242217_cov_9.244241
1	8782	15482	24263	8782	8782	100.00	8782	32905	100.00	26.69	Ga0136522_1155	NODE_2214_length_32905_cov_10.069376
1	8776	47679	38904	8776	8776	100.00	8776	100062	100.00	8.77	Ga0136522_1156	NODE_351_length_100062_cov_9.386133
1	8742	44091	35350	8742	8742	99.99	8742	343057	100.00	2.55	Ga0136522_1157	NODE_24_length_343057_cov_9.667206
1	8728	109914	118641	8728	8728	99.99	8728	241808	100.00	3.61	Ga0136522_1158	NODE_56_length_241808_cov_9.306155
1	8724	103750	112473	8724	8724	100.00	8724	223639	100.00	3.90	Ga0136522_1159	NODE_69_length_223639_cov_8.681775
3	8724	137508	146229	8722	8722	99.99	8724	168374	99.98	5.18	Ga0136522_1160	NODE_123_length_168374_cov_9.385447
1	8702	31181	22480	8702	8702	100.00	8702	209893	100.00	4.15	Ga0136522_1161	NODE_82_length_209893_cov_8.679391
1	8658	42723	51380	8658	8658	99.99	8658	209893	100.00	4.12	Ga0136522_1162	NODE_82_length_209893_cov_8.679391
1	8616	49825	41210	8616	8616	100.00	8616	154255	100.00	5.59	Ga0136522_1163	NODE_146_length_154255_cov_9.155435
2	8610	22891	14283	8609	8609	99.99	8610	37914	99.99	22.71	Ga0136522_1164	NODE_1788_length_37914_cov_8.937241
1	8563	5220	13782	8563	8563	99.98	8563	183785	100.00	4.66	Ga0136522_1165	NODE_103_length_183785_cov_8.672421
1	8535	2406	10940	8535	8535	100.00	8535	12640	100.00	67.52	Ga0136522_1166	NODE_7654_length_12640_cov_8.239571
1	8362	81503	89864	8362	8362	100.00	8362	154255	100.00	5.42	Ga0136522_1167	NODE_146_length_154255_cov_9.155435
1	8253	216972	225224	8253	8253	100.00	8253	248366	100.00	3.32	Ga0136522_1168	NODE_53_length_248366_cov_8.898361
1	8245	22722	14478	8245	8245	100.00	8245	22737	100.00	36.26	Ga0136522_1169	NODE_3632_length_22737_cov_8.725686
1	8228	84086	92313	8228	8228	100.00	8228	100062	100.00	8.22	Ga0136522_1170	NODE_351_length_100062_cov_9.386133
1	8227	20604	28830	8227	8227	100.00	8227	30338	100.00	27.12	Ga0136522_1171	NODE_2462_length_30338_cov_8.975498
1	8129	8191	63	8129	8129	99.99	8193	35647	99.22	22.80	Ga0136522_1172	NODE_1974_length_35647_cov_9.310941
1	1725	1725	1	1725	1725	100.00	8185	2769	21.08	62.30	Ga0136522_1173	NODE_57854_length_2769_cov_4.870302
1671	4792	1	3122	3122	3122	100.00	8185	6085	38.14	51.31	Ga0136522_1173	NODE_19479_length_6085_cov_10.008955
4781	7643	3223	6085	2863	2863	100.00	8185	6085	34.98	47.05	Ga0136522_1173	NODE_19479_length_6085_cov_10.008955
1	8146	30188	22043	8146	8146	100.00	8146	343057	100.00	2.37	Ga0136522_1174	NODE_24_length_343057_cov_9.667206
1	8133	153126	161258	8133	8133	100.00	8133	241808	100.00	3.36	Ga0136522_1175	NODE_56_length_241808_cov_9.306155
1	5610	5610	1	5610	5610	100.00	8117	12521	69.11	44.80	Ga0136522_1176	NODE_7745_length_12521_cov_8.317504
5603	8117	1	2515	2515	2515	100.00	8117	4497	30.98	55.93	Ga0136522_1176	NODE_29403_length_4497_cov_8.853895
1	8077	356516	364592	8077	8077	100.00	8077	580752	100.00	1.39	Ga0136522_1177	NODE_4_length_580752_cov_10.440455
102	8072	3	7973	7971	7971	99.97	8072	32905	98.75	24.22	Ga0136522_1178	NODE_2214_length_32905_cov_10.069376
1	8042	14194	6153	8042	8042	100.00	8042	32229	100.00	24.95	Ga0136522_1179	NODE_2272_length_32229_cov_8.815814
2	8036	88279	80245	8035	8035	99.98	8036	129755	99.99	6.19	Ga0136522_1180	NODE_211_length_129755_cov_8.520093
1	8003	165014	173016	8003	8003	100.00	8003	209893	100.00	3.81	Ga0136522_1181	NODE_82_length_209893_cov_8.679391
1	7982	28872	36853	7982	7982	100.00	7982	223639	100.00	3.57	Ga0136522_1182	NODE_69_length_223639_cov_8.681775
1	7939	140358	132420	7939	7939	100.00	7939	154255	100.00	5.15	Ga0136522_1183	NODE_146_length_154255_cov_9.155435
135	7902	1	7768	7768	7768	99.99	7902	129755	98.30	5.99	Ga0136522_1184	NODE_211_length_129755_cov_8.520093
1	7810	31129	38938	7810	7810	99.99	7810	209893	100.00	3.72	Ga0136522_1185	NODE_82_length_209893_cov_8.679391
1	7779	120299	128077	7779	7779	99.97	7779	209893	100.00	3.71	Ga0136522_1186	NODE_82_length_209893_cov_8.679391
157	1740	1584	1	1584	1584	100.00	7777	1584	20.37	100.00	Ga0136522_1187	NODE_131468_length_1584_cov_18.629169
1	7763	42893	35131	7763	7763	100.00	7763	45351	100.00	17.12	Ga0136522_1188	NODE_1357_length_45351_cov_8.921627
1	7710	47607	55316	7710	7710	99.97	7710	100062	100.00	7.71	Ga0136522_1189	NODE_351_length_100062_cov_9.386133
1	7666	32271	24606	7666	7666	100.00	7666	45564	100.00	16.82	Ga0136522_1190	NODE_1342_length_45564_cov_9.045266
1	7639	144925	152563	7639	7639	100.00	7639	248366	100.00	3.08	Ga0136522_1191	NODE_53_length_248366_cov_8.898361
1	7600	7927	15526	7600	7600	100.00	7600	32905	100.00	23.10	Ga0136522_1192	NODE_2214_length_32905_cov_10.069376
1	7570	15816	23385	7570	7570	99.99	7570	168374	100.00	4.50	Ga0136522_1193	NODE_123_length_168374_cov_9.385447
1	7566	188742	181177	7566	7566	100.00	7566	209893	100.00	3.60	Ga0136522_1194	NODE_82_length_209893_cov_8.679391
573	7750	9558	2381	7178	7178	99.80	7750	9560	92.62	75.08	Ga0136522_1195	NODE_10722_length_9560_cov_7.806312
1	7479	26011	33489	7479	7479	99.92	7479	580752	100.00	1.29	Ga0136522_1196	NODE_4_length_580752_cov_10.440455
1	7389	90160	82772	7389	7389	100.00	7389	183785	100.00	4.02	Ga0136522_1197	NODE_103_length_183785_cov_8.672421
91	7374	132382	125099	7284	7284	100.00	7374	154255	98.78	4.72	Ga0136522_1198	NODE_146_length_154255_cov_9.155435
1	7311	2830	10140	7311	7311	99.96	7311	27719	100.00	26.38	Ga0136522_1199	NODE_2798_length_27719_cov_9.071212
1	7294	133696	126403	7294	7294	99.99	7294	183785	100.00	3.97	Ga0136522_1200	NODE_103_length_183785_cov_8.672421
127	5118	1	4992	4992	4992	100.00	7242	4992	68.93	100.00	Ga0136522_1201	NODE_25421_length_4992_cov_10.796233
2667	7057	1	4391	4391	4391	100.00	7077	4391	62.05	100.00	Ga0136522_1202	NODE_30393_length_4391_cov_11.715867
180	7045	7171	306	6866	6866	100.00	7045	7171	97.46	95.75	Ga0136522_1203	NODE_15537_length_7171_cov_8.315486
1	7041	174400	181426	7041	7027	99.80	7041	183785	100.00	3.82	Ga0136522_1204	NODE_103_length_183785_cov_8.672421
1	7018	85153	92170	7018	7018	100.00	7018	209893	100.00	3.34	Ga0136522_1205	NODE_82_length_209893_cov_8.679391
1	7012	80214	73203	7012	7012	99.99	7012	129755	100.00	5.40	Ga0136522_1206	NODE_211_length_129755_cov_8.520093
1	6947	145656	152594	6947	6939	99.88	6947	209893	100.00	3.31	Ga0136522_1207	NODE_82_length_209893_cov_8.679391
1	6943	202181	195239	6943	6943	100.00	6943	343057	100.00	2.02	Ga0136522_1208	NODE_24_length_343057_cov_9.667206
1	6861	235090	241950	6861	6861	100.00	6861	580752	100.00	1.18	Ga0136522_1209	NODE_4_length_580752_cov_10.440455
1	6859	167732	174590	6859	6859	100.00	6859	223639	100.00	3.07	Ga0136522_1210	NODE_69_length_223639_cov_8.681775
1	6843	7199	357	6843	6843	100.00	6843	68123	100.00	10.05	Ga0136522_1211	NODE_667_length_68123_cov_8.918581
1	6721	30765	37485	6721	6721	100.00	6721	68123	100.00	9.87	Ga0136522_1212	NODE_667_length_68123_cov_8.918581
1	6695	4598	11292	6695	6695	100.00	6695	248366	100.00	2.70	Ga0136522_1213	NODE_53_length_248366_cov_8.898361
1	6628	7966	1339	6628	6628	99.98	6628	45351	100.00	14.61	Ga0136522_1214	NODE_1357_length_45351_cov_8.921627
1	6622	64153	70774	6622	6622	100.00	6622	248366	100.00	2.67	Ga0136522_1215	NODE_53_length_248366_cov_8.898361
1	6619	46801	53419	6619	6619	100.00	6619	109392	100.00	6.05	Ga0136522_1216	NODE_287_length_109392_cov_9.175211
1	6602	198785	205386	6602	6602	99.98	6602	223639	100.00	2.95	Ga0136522_1217	NODE_69_length_223639_cov_8.681775
1	6448	6448	1	6448	6448	100.00	6574	47591	98.08	13.55	Ga0136522_1218	NODE_1250_length_47591_cov_9.084105
19	6574	88195	94750	6556	6556	100.00	6574	129755	99.73	5.05	Ga0136522_1219	NODE_211_length_129755_cov_8.520093
1	6551	88786	82236	6551	6551	99.97	6551	223639	100.00	2.93	Ga0136522_1220	NODE_69_length_223639_cov_8.681775
1	4851	4851	1	4851	4851	100.00	6516	88192	74.45	5.50	Ga0136522_1221	NODE_427_length_88192_cov_8.632254
4846	6516	47591	45921	1671	1671	100.00	6516	47591	25.64	3.51	Ga0136522_1221	NODE_1250_length_47591_cov_9.084105
1	6489	70867	64379	6489	6489	100.00	6489	241808	100.00	2.68	Ga0136522_1222	NODE_56_length_241808_cov_9.306155
1	6410	47043	40634	6410	6410	100.00	6410	88192	100.00	7.27	Ga0136522_1223	NODE_427_length_88192_cov_8.632254
1	6394	125635	132028	6394	6394	100.00	6394	223639	100.00	2.86	Ga0136522_1224	NODE_69_length_223639_cov_8.681775
1	6391	204941	198551	6391	6391	100.00	6391	241808	100.00	2.64	Ga0136522_1225	NODE_56_length_241808_cov_9.306155
1	6294	210144	203851	6294	6294	99.98	6294	343057	100.00	1.83	Ga0136522_1226	NODE_24_length_343057_cov_9.667206
1	6288	171236	164949	6288	6288	100.00	6288	241808	100.00	2.60	Ga0136522_1227	NODE_56_length_241808_cov_9.306155
1	6273	281801	275529	6273	6273	100.00	6273	343057	100.00	1.83	Ga0136522_1228	NODE_24_length_343057_cov_9.667206
1	6268	15799	22066	6268	6268	100.00	6268	241808	100.00	2.59	Ga0136522_1229	NODE_56_length_241808_cov_9.306155
1	6258	238815	232558	6258	6258	99.98	6258	248366	100.00	2.52	Ga0136522_1230	NODE_53_length_248366_cov_8.898361
1	6256	171191	177446	6256	6256	100.00	6256	241808	100.00	2.59	Ga0136522_1231	NODE_56_length_241808_cov_9.306155
1	6247	138732	144978	6247	6247	100.00	6247	248366	100.00	2.52	Ga0136522_1232	NODE_53_length_248366_cov_8.898361
1	6200	10374	4175	6200	6200	100.00	6200	106599	100.00	5.82	Ga0136522_1233	NODE_306_length_106599_cov_9.133259
1	6124	19629	25752	6124	6124	100.00	6124	45351	100.00	13.50	Ga0136522_1234	NODE_1357_length_45351_cov_8.921627
1	5851	61948	56098	5851	5851	99.98	6112	83141	95.73	7.04	Ga0136522_1235	NODE_460_length_83141_cov_9.783369
1	6092	100436	106527	6092	6092	100.00	6092	106599	100.00	5.71	Ga0136522_1236	NODE_306_length_106599_cov_9.133259
1	6083	107743	101661	6083	6083	100.00	6083	183785	100.00	3.31	Ga0136522_1237	NODE_103_length_183785_cov_8.672421
1	6066	115421	121486	6066	6066	100.00	6066	223639	100.00	2.71	Ga0136522_1238	NODE_69_length_223639_cov_8.681775
1	6061	43235	37175	6061	6061	99.98	6061	101050	100.00	6.00	Ga0136522_1239	NODE_346_length_101050_cov_10.015407
1	6060	161667	155608	6060	6060	100.00	6060	248366	100.00	2.44	Ga0136522_1240	NODE_53_length_248366_cov_8.898361
1	6047	214994	208948	6047	6047	100.00	6047	248366	100.00	2.43	Ga0136522_1242	NODE_53_length_248366_cov_8.898361
1	5915	7851	13765	5915	5915	100.00	5915	242217	100.00	2.44	Ga0136522_1243	NODE_55_length_242217_cov_9.244241
1	5699	55778	50080	5699	5699	100.00	5901	248366	96.58	2.29	Ga0136522_1244	NODE_53_length_248366_cov_8.898361
1	5879	70729	76607	5879	5879	100.00	5879	248366	100.00	2.37	Ga0136522_1245	NODE_53_length_248366_cov_8.898361
1	5835	114454	120288	5835	5835	100.00	5835	209893	100.00	2.78	Ga0136522_1246	NODE_82_length_209893_cov_8.679391
1	5832	14819	20650	5832	5832	100.00	5832	30338	100.00	19.22	Ga0136522_1247	NODE_2462_length_30338_cov_8.975498
1	5750	135607	129858	5750	5750	100.00	5750	209893	100.00	2.74	Ga0136522_1248	NODE_82_length_209893_cov_8.679391
1	5726	764	6489	5726	5726	100.00	5726	37914	100.00	15.10	Ga0136522_1249	NODE_1788_length_37914_cov_8.937241
1	5693	356571	350879	5693	5693	100.00	5693	580752	100.00	0.98	Ga0136522_1250	NODE_4_length_580752_cov_10.440455
1	5671	142570	148240	5671	5671	100.00	5671	223639	100.00	2.54	Ga0136522_1251	NODE_69_length_223639_cov_8.681775
1	5626	51343	56968	5626	5626	99.98	5626	209893	100.00	2.68	Ga0136522_1252	NODE_82_length_209893_cov_8.679391
1	5605	161500	167104	5605	5605	100.00	5605	242217	100.00	2.31	Ga0136522_1253	NODE_55_length_242217_cov_9.244241
1	5570	15904	10335	5570	5570	100.00	5570	106599	100.00	5.23	Ga0136522_1254	NODE_306_length_106599_cov_9.133259
1	5559	8018	13576	5559	5559	100.00	5559	88192	100.00	6.30	Ga0136522_1255	NODE_427_length_88192_cov_8.632254
1	5514	26060	20547	5514	5514	100.00	5514	580752	100.00	0.95	Ga0136522_1256	NODE_4_length_580752_cov_10.440455
1	5509	10061	15569	5509	5509	100.00	5509	27719	100.00	19.87	Ga0136522_1257	NODE_2798_length_27719_cov_9.071212
1	5493	14825	20317	5493	5493	100.00	5493	223639	100.00	2.46	Ga0136522_1258	NODE_69_length_223639_cov_8.681775
1	5483	65393	70875	5483	5483	100.00	5483	137557	100.00	3.99	Ga0136522_1259	NODE_191_length_137557_cov_8.996582
1	5473	1547	7019	5473	5473	100.00	5473	209893	100.00	2.61	Ga0136522_1260	NODE_82_length_209893_cov_8.679391
2	5465	11420	5957	5464	5464	100.00	5465	14751	99.98	37.04	Ga0136522_1261	NODE_6343_length_14751_cov_8.155553
1	5430	122730	117301	5430	5430	100.00	5430	154255	100.00	3.52	Ga0136522_1262	NODE_146_length_154255_cov_9.155435
1	5426	82766	88191	5426	5426	100.00	5426	88192	100.00	6.15	Ga0136522_1263	NODE_427_length_88192_cov_8.632254
1	5408	82827	77420	5408	5408	100.00	5408	88192	100.00	6.13	Ga0136522_1264	NODE_427_length_88192_cov_8.632254
7	5404	1	5398	5398	5398	100.00	5404	22737	99.89	23.74	Ga0136522_1265	NODE_3632_length_22737_cov_8.725686
1	5379	152833	147455	5379	5379	100.00	5379	241808	100.00	2.22	Ga0136522_1266	NODE_56_length_241808_cov_9.306155
1	5364	14310	19673	5364	5364	100.00	5364	45351	100.00	11.83	Ga0136522_1267	NODE_1357_length_45351_cov_8.921627
1	5328	140666	145993	5328	5328	99.98	5328	183785	100.00	2.90	Ga0136522_1268	NODE_103_length_183785_cov_8.672421
1	5266	140975	135710	5266	5266	100.00	5266	343057	100.00	1.54	Ga0136522_1270	NODE_24_length_343057_cov_9.667206
1	5233	58969	64201	5233	5233	100.00	5233	248366	100.00	2.11	Ga0136522_1271	NODE_53_length_248366_cov_8.898361
1	5206	37402	32197	5206	5206	100.00	5206	88192	100.00	5.90	Ga0136522_1272	NODE_427_length_88192_cov_8.632254
1	5190	146617	141428	5190	5190	100.00	5190	154255	100.00	3.36	Ga0136522_1273	NODE_146_length_154255_cov_9.155435
1	5164	233127	227964	5164	5164	100.00	5164	242217	100.00	2.13	Ga0136522_1274	NODE_55_length_242217_cov_9.244241
1	5123	16963	22085	5123	5123	99.98	5123	343057	100.00	1.49	Ga0136522_1275	NODE_24_length_343057_cov_9.667206
1	5117	28424	23308	5117	5117	99.96	5117	168374	100.00	3.04	Ga0136522_1276	NODE_123_length_168374_cov_9.385447
1	5059	15394	10336	5059	5059	100.00	5059	343057	100.00	1.47	Ga0136522_1277	NODE_24_length_343057_cov_9.667206
1	5042	19692	24733	5042	5042	100.00	5042	68123	100.00	7.40	Ga0136522_1278	NODE_667_length_68123_cov_8.918581
1	5040	104924	109963	5040	5040	100.00	5040	241808	100.00	2.08	Ga0136522_1279	NODE_56_length_241808_cov_9.306155
1	5039	54875	49837	5039	5039	100.00	5039	88192	100.00	5.71	Ga0136522_1280	NODE_427_length_88192_cov_8.632254
30	5035	30185	35190	5006	5006	99.98	5035	45351	99.42	11.04	Ga0136522_1281	NODE_1357_length_45351_cov_8.921627
1	5014	38243	33230	5014	5014	100.00	5014	168374	100.00	2.98	Ga0136522_1282	NODE_123_length_168374_cov_9.385447
1	5014	211553	216566	5014	5014	100.00	5014	223639	100.00	2.24	Ga0136522_1283	NODE_69_length_223639_cov_8.681775
1	4989	181210	176222	4989	4989	100.00	4989	209893	100.00	2.38	Ga0136522_1284	NODE_82_length_209893_cov_8.679391
1	4978	33319	28342	4978	4978	100.00	4978	129755	100.00	3.84	Ga0136522_1285	NODE_211_length_129755_cov_8.520093
1	4974	28368	33341	4974	4974	99.96	4974	168374	100.00	2.95	Ga0136522_1286	NODE_123_length_168374_cov_9.385447
1936	4950	1	3015	3015	3015	100.00	4950	14751	60.91	20.44	Ga0136522_1287	NODE_6343_length_14751_cov_8.155553
1	4840	52086	56925	4840	4840	100.00	4840	209778	100.00	2.31	Ga0136522_1288	NODE_83_length_209778_cov_9.319402
1	4840	59664	54825	4840	4840	100.00	4840	129755	100.00	3.73	Ga0136522_1289	NODE_211_length_129755_cov_8.520093
1	4837	101510	96674	4837	4837	100.00	4837	223639	100.00	2.16	Ga0136522_1290	NODE_69_length_223639_cov_8.681775
1	4831	27815	22985	4831	4831	100.00	4831	241808	100.00	2.00	Ga0136522_1291	NODE_56_length_241808_cov_9.306155
1	4820	117361	112542	4820	4820	100.00	4820	154255	100.00	3.12	Ga0136522_1292	NODE_146_length_154255_cov_9.155435
1	4809	290988	295796	4809	4809	100.00	4809	343057	100.00	1.40	Ga0136522_1293	NODE_24_length_343057_cov_9.667206
1	4649	4649	1	4649	4649	100.00	4767	30338	97.52	15.32	Ga0136522_1294	NODE_2462_length_30338_cov_8.975498
1	4764	17445	12682	4764	4764	99.98	4764	100062	100.00	4.76	Ga0136522_1295	NODE_351_length_100062_cov_9.386133
115	4744	1	4630	4630	4630	99.98	4744	248366	97.60	1.86	Ga0136522_1296	NODE_53_length_248366_cov_8.898361
1	4730	209614	204885	4730	4730	100.00	4730	241808	100.00	1.96	Ga0136522_1297	NODE_56_length_241808_cov_9.306155
1	4724	6998	11721	4724	4724	100.00	4724	37914	100.00	12.46	Ga0136522_1298	NODE_1788_length_37914_cov_8.937241
1	4681	76452	81129	4681	4678	99.94	4681	83141	100.00	5.63	Ga0136522_1299	NODE_460_length_83141_cov_9.783369
1	4616	48654	44039	4616	4616	100.00	4616	343057	100.00	1.35	Ga0136522_1300	NODE_24_length_343057_cov_9.667206
1	4592	100497	95906	4592	4592	100.00	4592	106599	100.00	4.31	Ga0136522_1301	NODE_306_length_106599_cov_9.133259
1	4581	23849	19269	4581	4581	100.00	4581	32229	100.00	14.21	Ga0136522_1302	NODE_2272_length_32229_cov_8.815814
1	4563	6172	10734	4563	4563	100.00	4563	31880	100.00	14.31	Ga0136522_1303	NODE_2305_length_31880_cov_8.323394
1	4546	40168	35623	4546	4546	100.00	4546	209778	100.00	2.17	Ga0136522_1304	NODE_83_length_209778_cov_9.319402
1	4518	135911	140428	4518	4518	99.98	4518	223639	100.00	2.02	Ga0136522_1305	NODE_69_length_223639_cov_8.681775
1	4448	93716	98163	4448	4448	100.00	4448	154255	100.00	2.88	Ga0136522_1307	NODE_146_length_154255_cov_9.155435
1	4445	211926	216370	4445	4445	100.00	4445	241808	100.00	1.84	Ga0136522_1308	NODE_56_length_241808_cov_9.306155
1	4433	91590	87158	4433	4433	99.93	4433	109392	100.00	4.05	Ga0136522_1310	NODE_287_length_109392_cov_9.175211
1	4389	72836	68448	4389	4389	100.00	4389	129755	100.00	3.38	Ga0136522_1311	NODE_211_length_129755_cov_8.520093
1	4335	134736	139070	4335	4335	99.98	4335	183785	100.00	2.36	Ga0136522_1312	NODE_103_length_183785_cov_8.672421
1	4317	30040	25724	4317	4317	99.98	4317	45351	100.00	9.52	Ga0136522_1313	NODE_1357_length_45351_cov_8.921627
1	4296	225171	229466	4296	4296	100.00	4296	248366	100.00	1.73	Ga0136522_1314	NODE_53_length_248366_cov_8.898361
93	4216	223639	219516	4124	4124	100.00	4280	223639	96.36	1.84	Ga0136522_1315	NODE_69_length_223639_cov_8.681775
1	4233	4233	1	4233	4233	100.00	4266	106599	99.23	3.97	Ga0136522_1316	NODE_306_length_106599_cov_9.133259
1	4265	205876	210140	4265	4265	99.98	4265	242217	100.00	1.76	Ga0136522_1317	NODE_55_length_242217_cov_9.244241
627	4247	7161	3541	3621	3621	100.00	4247	7161	85.26	50.57	Ga0136522_1318	NODE_15561_length_7161_cov_9.195891
1	4238	52817	48580	4238	4238	100.00	4238	241808	100.00	1.75	Ga0136522_1319	NODE_56_length_241808_cov_9.306155
1	4232	15858	20089	4232	4232	100.00	4232	106599	100.00	3.97	Ga0136522_1320	NODE_306_length_106599_cov_9.133259
1	4226	8754	4529	4226	4226	99.98	4226	343057	100.00	1.23	Ga0136522_1321	NODE_24_length_343057_cov_9.667206
1	4203	121430	125632	4203	4203	100.00	4203	223639	100.00	1.88	Ga0136522_1322	NODE_69_length_223639_cov_8.681775
1	4183	112599	108417	4183	4183	100.00	4183	154255	100.00	2.71	Ga0136522_1323	NODE_146_length_154255_cov_9.155435
1	4139	92664	88526	4139	4139	99.95	4139	106599	100.00	3.88	Ga0136522_1325	NODE_306_length_106599_cov_9.133259
1	4139	96214	100352	4139	4139	99.98	4139	241808	100.00	1.71	Ga0136522_1326	NODE_56_length_241808_cov_9.306155
1	4135	77571	81705	4135	4135	100.00	4135	183785	100.00	2.25	Ga0136522_1327	NODE_103_length_183785_cov_8.672421
1	4111	4714	604	4111	4111	100.00	4111	15194	100.00	27.06	Ga0136522_1330	NODE_6098_length_15194_cov_9.885726
1	4081	86946	82866	4081	4081	100.00	4081	248366	100.00	1.64	Ga0136522_1331	NODE_53_length_248366_cov_8.898361
1	4036	82166	78131	4036	4036	100.00	4036	223639	100.00	1.80	Ga0136522_1332	NODE_69_length_223639_cov_8.681775
1	4008	198294	194287	4008	4008	100.00	4008	223639	100.00	1.79	Ga0136522_1333	NODE_69_length_223639_cov_8.681775
1	3997	45469	41473	3997	3997	99.97	3997	109392	100.00	3.65	Ga0136522_1334	NODE_287_length_109392_cov_9.175211
1	3986	517	4502	3986	3986	100.00	3986	12554	100.00	31.75	Ga0136522_1335	NODE_7724_length_12554_cov_8.592687
1	3980	82806	86785	3980	3980	100.00	3980	209778	100.00	1.90	Ga0136522_1336	NODE_83_length_209778_cov_9.319402
1	3970	337678	341647	3970	3970	100.00	3970	343057	100.00	1.16	Ga0136522_1337	NODE_24_length_343057_cov_9.667206
1	3938	30823	26886	3938	3938	100.00	3938	68123	100.00	5.78	Ga0136522_1338	NODE_667_length_68123_cov_8.918581
2435	3904	1	1470	1470	1470	99.93	3904	168374	37.65	0.87	Ga0136522_1339	NODE_123_length_168374_cov_9.385447
59	3896	55997	52160	3838	3838	100.00	3896	83141	98.51	4.62	Ga0136522_1340	NODE_460_length_83141_cov_9.783369
1	3895	132066	135960	3895	3895	100.00	3895	223639	100.00	1.74	Ga0136522_1341	NODE_69_length_223639_cov_8.681775
1	3890	84085	80196	3890	3890	99.97	3890	100062	100.00	3.89	Ga0136522_1342	NODE_351_length_100062_cov_9.386133
1	3888	12041	8154	3888	3888	100.00	3888	35647	100.00	10.91	Ga0136522_1343	NODE_1974_length_35647_cov_9.310941
1	3856	58682	54827	3856	3856	100.00	3856	88192	100.00	4.37	Ga0136522_1345	NODE_427_length_88192_cov_8.632254
1	3846	19292	15447	3846	3846	100.00	3846	183785	100.00	2.09	Ga0136522_1346	NODE_103_length_183785_cov_8.672421
1	3758	45633	49390	3758	3758	99.92	3837	248366	97.94	1.51	Ga0136522_1348	NODE_53_length_248366_cov_8.898361
1	3829	38930	42758	3829	3829	100.00	3829	209893	100.00	1.82	Ga0136522_1349	NODE_82_length_209893_cov_8.679391
761	3790	32229	29200	3030	3030	100.00	3790	32229	79.95	9.40	Ga0136522_1350	NODE_2272_length_32229_cov_8.815814
1	3748	154183	150436	3748	3748	99.97	3775	154255	99.28	2.43	Ga0136522_1352	NODE_146_length_154255_cov_9.155435
1	3685	95511	99195	3685	3685	99.97	3685	248366	100.00	1.48	Ga0136522_1353	NODE_53_length_248366_cov_8.898361
1	3610	161615	165224	3610	3610	100.00	3610	248366	100.00	1.45	Ga0136522_1354	NODE_53_length_248366_cov_8.898361
1	3592	90454	94045	3592	3592	99.97	3592	248366	100.00	1.45	Ga0136522_1355	NODE_53_length_248366_cov_8.898361
65	3528	224550	228013	3464	3464	100.00	3528	242217	98.19	1.43	Ga0136522_1356	NODE_55_length_242217_cov_9.244241
1	3506	206106	209611	3506	3506	100.00	3506	209778	100.00	1.67	Ga0136522_1357	NODE_83_length_209778_cov_9.319402
1	3503	19752	16250	3503	3503	100.00	3503	68123	100.00	5.14	Ga0136522_1358	NODE_667_length_68123_cov_8.918581
1	3496	59620	63115	3496	3496	100.00	3496	129755	100.00	2.69	Ga0136522_1359	NODE_211_length_129755_cov_8.520093
1	3487	3541	55	3487	3487	100.00	3487	242217	100.00	1.44	Ga0136522_1360	NODE_55_length_242217_cov_9.244241
1	3443	1957	5399	3443	3443	100.00	3470	5399	99.22	63.77	Ga0136522_1361	NODE_22869_length_5399_cov_7.897455
1	3457	281760	285216	3457	3457	100.00	3457	343057	100.00	1.01	Ga0136522_1362	NODE_24_length_343057_cov_9.667206
1	3445	15755	12311	3445	3445	100.00	3445	129755	100.00	2.66	Ga0136522_1363	NODE_211_length_129755_cov_8.520093
1	3425	210076	213500	3425	3425	100.00	3425	343057	100.00	1.00	Ga0136522_1364	NODE_24_length_343057_cov_9.667206
46	3424	14751	11373	3379	3379	100.00	3424	14751	98.69	22.91	Ga0136522_1365	NODE_6343_length_14751_cov_8.155553
1	3419	68573	71991	3419	3419	100.00	3419	83141	100.00	4.11	Ga0136522_1366	NODE_460_length_83141_cov_9.783369
1	3400	61603	58204	3400	3400	100.00	3400	209778	100.00	1.62	Ga0136522_1367	NODE_83_length_209778_cov_9.319402
1	3397	164596	161200	3397	3397	100.00	3397	241808	100.00	1.40	Ga0136522_1368	NODE_56_length_241808_cov_9.306155
64	3392	87114	90442	3329	3329	100.00	3392	248366	98.14	1.34	Ga0136522_1369	NODE_53_length_248366_cov_8.898361
1	3363	122779	119417	3363	3363	100.00	3363	168374	100.00	2.00	Ga0136522_1370	NODE_123_length_168374_cov_9.385447
1	3355	99198	102552	3355	3355	100.00	3355	209893	100.00	1.60	Ga0136522_1371	NODE_82_length_209893_cov_8.679391
1	3338	92621	95958	3338	3338	100.00	3338	106599	100.00	3.13	Ga0136522_1373	NODE_306_length_106599_cov_9.133259
1	3337	11551	14887	3337	3337	99.94	3337	223639	100.00	1.49	Ga0136522_1374	NODE_69_length_223639_cov_8.681775
1	3328	190409	187082	3328	3328	100.00	3328	223639	100.00	1.49	Ga0136522_1375	NODE_69_length_223639_cov_8.681775
3	3231	816	4044	3229	3229	99.94	3259	4044	99.08	79.85	Ga0136522_1379	NODE_34018_length_4044_cov_9.779393
1	3242	162713	159472	3242	3242	100.00	3242	209778	100.00	1.55	Ga0136522_1380	NODE_83_length_209778_cov_9.319402
1	3240	3956	7195	3240	3240	99.97	3240	45564	100.00	7.11	Ga0136522_1381	NODE_1342_length_45564_cov_9.045266
1	3238	229419	232656	3238	3238	100.00	3238	248366	100.00	1.30	Ga0136522_1382	NODE_53_length_248366_cov_8.898361
1	2582	3753	1172	2582	2582	100.00	3231	3980	79.91	64.87	Ga0136522_1383	NODE_34795_length_3980_cov_10.605096
1	3208	46211	49418	3208	3208	100.00	3208	137557	100.00	2.33	Ga0136522_1384	NODE_191_length_137557_cov_8.996582
1	3203	9805	6603	3203	3203	100.00	3203	12521	100.00	25.58	Ga0136522_1385	NODE_7745_length_12521_cov_8.317504
1	2827	1849	4675	2827	2827	99.96	3159	32229	89.49	8.77	Ga0136522_1386	NODE_2272_length_32229_cov_8.815814
1	3130	51750	54879	3130	3130	100.00	3130	129755	100.00	2.41	Ga0136522_1387	NODE_211_length_129755_cov_8.520093
1	3122	123768	126889	3122	3122	100.00	3122	137557	100.00	2.27	Ga0136522_1388	NODE_191_length_137557_cov_8.996582
1	3110	94475	97584	3110	3110	100.00	3110	209893	100.00	1.48	Ga0136522_1389	NODE_82_length_209893_cov_8.679391
1	3087	272495	275581	3087	3087	100.00	3087	343057	100.00	0.90	Ga0136522_1391	NODE_24_length_343057_cov_9.667206
1	3062	6024	2963	3062	3062	100.00	3062	14751	100.00	20.76	Ga0136522_1392	NODE_6343_length_14751_cov_8.155553
1	3059	13026	9968	3059	3059	100.00	3059	14027	100.00	21.81	Ga0136522_1393	NODE_6755_length_14027_cov_8.823433
1	3057	12754	9698	3057	3057	100.00	3057	45351	100.00	6.74	Ga0136522_1394	NODE_1357_length_45351_cov_8.921627
1	3049	35411	32363	3049	3049	100.00	3049	343057	100.00	0.89	Ga0136522_1396	NODE_24_length_343057_cov_9.667206
1	3020	66335	63316	3020	3020	100.00	3020	129755	100.00	2.33	Ga0136522_1397	NODE_211_length_129755_cov_8.520093
1	3000	78620	81619	3000	3000	99.97	3000	154255	100.00	1.94	Ga0136522_1399	NODE_146_length_154255_cov_9.155435
