/scratch/users/karoraw1@jhu.edu/THRASH_LIBS/REFERENCE_BINS/just_sequences/94264.assembled.fna /scratch/users/karoraw1@jhu.edu/THRASH_LIBS/BIN_REASSEMBLY/reassembled_bins/bin.112.strict.fa
NUCMER

[S1]	[E1]	[S2]	[E2]	[LEN 1]	[LEN 2]	[% IDY]	[LEN R]	[LEN Q]	[COV R]	[COV Q]	[TAGS]
1	1558	214906	213348	1558	1559	99.94	75104	703728	2.07	0.22	Ga0136522_1001	NODE_2_length_703728_cov_10.181370
1485	8560	213380	206304	7076	7077	99.99	75104	703728	9.42	1.01	Ga0136522_1001	NODE_2_length_703728_cov_10.181370
8505	75104	206204	139605	66600	66600	99.99	75104	703728	88.68	9.46	Ga0136522_1001	NODE_2_length_703728_cov_10.181370
1	62735	391067	453801	62735	62735	99.99	62735	703728	100.00	8.91	Ga0136522_1002	NODE_2_length_703728_cov_10.181370
1	14524	39423	53946	14524	14524	99.79	61906	53946	23.46	26.92	Ga0136522_1003	NODE_23_length_53946_cov_10.154052
16857	61906	10	45059	45050	45050	99.94	61906	714348	72.77	6.31	Ga0136522_1003	NODE_1_length_714348_cov_9.210285
1	56327	453754	510080	56327	56327	99.99	56327	703728	100.00	8.00	Ga0136522_1004	NODE_2_length_703728_cov_10.181370
1	49318	61	49378	49318	49318	99.99	49318	56162	100.00	87.81	Ga0136522_1005	NODE_22_length_56162_cov_9.841392
1	45940	181125	135186	45940	45940	100.00	45940	274825	100.00	16.72	Ga0136522_1006	NODE_3_length_274825_cov_9.083168
1	45477	51971	97447	45477	45477	99.99	45477	243169	100.00	18.70	Ga0136522_1007	NODE_4_length_243169_cov_9.241138
1	44596	95040	139635	44596	44596	99.99	44596	703728	100.00	6.34	Ga0136522_1008	NODE_2_length_703728_cov_10.181370
1	41767	68341	26575	41767	41767	100.00	41767	144931	100.00	28.82	Ga0136522_1009	NODE_12_length_144931_cov_9.875901
1	40681	241954	282634	40681	40681	100.00	40681	703728	100.00	5.78	Ga0136522_1010	NODE_2_length_703728_cov_10.181370
1	40104	146559	106456	40104	40104	99.99	40104	714348	100.00	5.61	Ga0136522_1011	NODE_1_length_714348_cov_9.210285
1	38969	174234	213202	38969	38969	100.00	38969	714348	100.00	5.46	Ga0136522_1012	NODE_1_length_714348_cov_9.210285
1	36326	185834	222159	36326	36326	99.99	36326	274825	100.00	13.22	Ga0136522_1013	NODE_3_length_274825_cov_9.083168
1	35919	210144	174226	35919	35919	100.00	35919	243169	100.00	14.77	Ga0136522_1014	NODE_4_length_243169_cov_9.241138
1	33661	395557	361897	33661	33661	100.00	33661	714348	100.00	4.71	Ga0136522_1015	NODE_1_length_714348_cov_9.210285
1	30802	95093	64292	30802	30802	100.00	30802	703728	100.00	4.38	Ga0136522_1016	NODE_2_length_703728_cov_10.181370
1	30231	308761	338991	30231	30231	99.99	30231	703728	100.00	4.30	Ga0136522_1017	NODE_2_length_703728_cov_10.181370
1	29332	47329	76660	29332	29332	99.99	29332	97011	100.00	30.24	Ga0136522_1018	NODE_18_length_97011_cov_9.588855
1	28961	10489	39449	28961	28961	100.00	28961	53946	100.00	53.69	Ga0136522_1019	NODE_23_length_53946_cov_10.154052
1	28723	124921	96199	28723	28723	99.99	28723	142574	100.00	20.15	Ga0136522_1020	NODE_13_length_142574_cov_8.334400
1	28699	345768	374466	28699	28699	100.00	28699	703728	100.00	4.08	Ga0136522_1021	NODE_2_length_703728_cov_10.181370
1	28575	9439	38013	28575	28575	100.00	28575	183982	100.00	15.53	Ga0136522_1022	NODE_7_length_183982_cov_8.460096
1	28408	46265	17858	28408	28408	100.00	28408	154354	100.00	18.40	Ga0136522_1023	NODE_9_length_154354_cov_8.773783
1	28140	590832	562693	28140	28140	99.99	28140	714348	100.00	3.94	Ga0136522_1024	NODE_1_length_714348_cov_9.210285
1	27727	10001	37727	27727	27727	99.99	27727	703728	100.00	3.94	Ga0136522_1025	NODE_2_length_703728_cov_10.181370
1	27536	674250	701785	27536	27536	99.99	27536	703728	100.00	3.91	Ga0136522_1026	NODE_2_length_703728_cov_10.181370
1	27290	136505	109216	27290	27290	100.00	27290	150614	100.00	18.12	Ga0136522_1027	NODE_11_length_150614_cov_8.927975
1	27115	70822	97936	27115	27115	100.00	27115	154354	100.00	17.57	Ga0136522_1028	NODE_9_length_154354_cov_8.773783
1	26971	90915	63945	26971	26971	100.00	26971	714348	100.00	3.78	Ga0136522_1029	NODE_1_length_714348_cov_9.210285
1	26898	20260	47157	26898	26898	99.99	26898	106692	100.00	25.21	Ga0136522_1030	NODE_16_length_106692_cov_8.953187
1	25954	99587	73634	25954	25954	100.00	25954	150614	100.00	17.23	Ga0136522_1031	NODE_11_length_150614_cov_8.927975
1	25454	95248	120701	25454	25454	99.99	25454	241770	100.00	10.53	Ga0136522_1032	NODE_5_length_241770_cov_9.152546
1	25011	634277	609267	25011	25011	100.00	25011	703728	100.00	3.55	Ga0136522_1033	NODE_2_length_703728_cov_10.181370
1	24966	19896	44861	24966	24966	100.00	24966	100245	100.00	24.90	Ga0136522_1034	NODE_17_length_100245_cov_9.218595
1	24949	22290	47238	24949	24949	100.00	24949	243169	100.00	10.26	Ga0136522_1035	NODE_4_length_243169_cov_9.241138
1	24836	110397	135232	24836	24836	99.99	24836	274825	100.00	9.04	Ga0136522_1036	NODE_3_length_274825_cov_9.083168
1	24704	86111	110814	24704	24704	99.99	24704	144931	100.00	17.05	Ga0136522_1037	NODE_12_length_144931_cov_9.875901
1	24200	61870	37671	24200	24200	100.00	24200	703728	100.00	3.44	Ga0136522_1038	NODE_2_length_703728_cov_10.181370
1	23786	72909	96694	23786	23786	99.99	23786	154287	100.00	15.42	Ga0136522_1039	NODE_10_length_154287_cov_8.695984
1	23517	171001	147485	23517	23517	100.00	23517	241770	100.00	9.73	Ga0136522_1040	NODE_5_length_241770_cov_9.152546
1	23303	121196	97894	23303	23303	100.00	23303	154354	100.00	15.10	Ga0136522_1041	NODE_9_length_154354_cov_8.773783
1	22973	682662	659690	22973	22973	99.99	22973	714348	100.00	3.22	Ga0136522_1042	NODE_1_length_714348_cov_9.210285
1	22740	110	22849	22740	22740	100.00	22740	241770	100.00	9.41	Ga0136522_1043	NODE_5_length_241770_cov_9.152546
245	22157	493	22405	21913	21913	100.00	22157	168592	98.90	13.00	Ga0136522_1044	NODE_8_length_168592_cov_9.175985
1118	2173	115515	114464	1056	1052	83.68	22157	135926	4.77	0.77	Ga0136522_1044	NODE_14_length_135926_cov_8.581338
633	21796	144931	123768	21164	21164	99.99	21796	144931	97.10	14.60	Ga0136522_1045	NODE_12_length_144931_cov_9.875901
1	21278	308416	329693	21278	21278	100.00	21278	714348	100.00	2.98	Ga0136522_1046	NODE_1_length_714348_cov_9.210285
1	21204	598242	577039	21204	21204	99.94	21204	703728	100.00	3.01	Ga0136522_1047	NODE_2_length_703728_cov_10.181370
1	21147	27689	6543	21147	21147	100.00	21147	135926	100.00	15.56	Ga0136522_1048	NODE_14_length_135926_cov_8.581338
1	21099	20396	41494	21099	21099	99.99	21099	109392	100.00	19.29	Ga0136522_1049	NODE_15_length_109392_cov_9.006466
1	21083	21327	245	21083	21083	99.98	21083	32011	100.00	65.86	Ga0136522_1050	NODE_27_length_32011_cov_7.963481
1	20944	89487	110430	20944	20944	100.00	20944	274825	100.00	7.62	Ga0136522_1051	NODE_3_length_274825_cov_9.083168
1	19901	193129	213029	19901	19901	99.99	19901	241770	100.00	8.23	Ga0136522_1052	NODE_5_length_241770_cov_9.152546
1	19744	96841	77098	19744	19744	99.98	19744	97011	100.00	20.35	Ga0136522_1053	NODE_18_length_97011_cov_9.588855
1	19473	49646	69118	19473	19473	100.00	19473	106692	100.00	18.25	Ga0136522_1054	NODE_16_length_106692_cov_8.953187
1	19142	51647	70788	19142	19142	99.99	19142	168592	100.00	11.35	Ga0136522_1055	NODE_8_length_168592_cov_9.175985
1	18892	62094	43203	18892	18892	100.00	18892	241770	100.00	7.81	Ga0136522_1057	NODE_5_length_241770_cov_9.152546
1	17911	17911	1	17911	17911	100.00	18321	154354	97.76	11.60	Ga0136522_1058	NODE_9_length_154354_cov_8.773783
1	18205	290990	272786	18205	18205	100.00	18205	714348	100.00	2.55	Ga0136522_1059	NODE_1_length_714348_cov_9.210285
1	18094	82827	64734	18094	18094	99.99	18094	94060	100.00	19.24	Ga0136522_1060	NODE_19_length_94060_cov_8.742482
1	17824	91569	109392	17824	17824	100.00	17869	109392	99.75	16.29	Ga0136522_1061	NODE_15_length_109392_cov_9.006466
1	17850	17850	1	17850	17850	99.99	17856	109392	99.97	16.32	Ga0136522_1062	NODE_15_length_109392_cov_9.006466
1	17633	213153	230785	17633	17633	99.99	17633	714348	100.00	2.47	Ga0136522_1063	NODE_1_length_714348_cov_9.210285
1	17623	634180	651802	17623	17623	99.99	17623	703728	100.00	2.50	Ga0136522_1064	NODE_2_length_703728_cov_10.181370
1	17526	53297	70822	17526	17526	99.99	17526	109392	100.00	16.02	Ga0136522_1065	NODE_15_length_109392_cov_9.006466
1	17281	17403	123	17281	17281	99.99	17319	97011	99.78	17.81	Ga0136522_1066	NODE_18_length_97011_cov_9.588855
1	17228	27448	44675	17228	17228	99.99	17228	154287	100.00	11.17	Ga0136522_1067	NODE_10_length_154287_cov_8.695984
1	16994	134856	151849	16994	16994	100.00	16994	183982	100.00	9.24	Ga0136522_1068	NODE_7_length_183982_cov_8.460096
1	16825	577105	560281	16825	16825	99.97	16825	703728	100.00	2.39	Ga0136522_1069	NODE_2_length_703728_cov_10.181370
1	16708	391121	374414	16708	16708	100.00	16708	703728	100.00	2.37	Ga0136522_1070	NODE_2_length_703728_cov_10.181370
1	16608	26034	9427	16608	16608	100.00	16608	154287	100.00	10.76	Ga0136522_1071	NODE_10_length_154287_cov_8.695984
1	16474	21014	37487	16474	16474	100.00	16474	45785	100.00	35.98	Ga0136522_1072	NODE_24_length_45785_cov_8.857249
1	16080	58053	74132	16080	16080	100.00	16080	233608	100.00	6.88	Ga0136522_1073	NODE_6_length_233608_cov_8.452938
1	15624	86161	70538	15624	15624	99.99	15624	144931	100.00	10.78	Ga0136522_1074	NODE_12_length_144931_cov_9.875901
1	15576	75051	59476	15576	15576	100.00	15576	183982	100.00	8.47	Ga0136522_1075	NODE_7_length_183982_cov_8.460096
1	15534	22348	6815	15534	15534	100.00	15534	243169	100.00	6.39	Ga0136522_1076	NODE_4_length_243169_cov_9.241138
1	15488	64851	49364	15488	15488	100.00	15488	154354	100.00	10.03	Ga0136522_1077	NODE_9_length_154354_cov_8.773783
1	15332	32693	17362	15332	15332	99.99	15332	97011	100.00	15.80	Ga0136522_1078	NODE_18_length_97011_cov_9.588855
1	9431	453562	444132	9431	9431	99.99	15140	714348	62.29	1.32	Ga0136522_1079	NODE_1_length_714348_cov_9.210285
9373	15140	1	5768	5768	5768	100.00	15140	6281	38.10	91.83	Ga0136522_1079	NODE_37_length_6281_cov_7.699807
1	15100	45869	60968	15100	15100	100.00	15100	274825	100.00	5.49	Ga0136522_1080	NODE_3_length_274825_cov_9.083168
1	15048	282606	297653	15048	15048	100.00	15048	703728	100.00	2.14	Ga0136522_1081	NODE_2_length_703728_cov_10.181370
1	14793	547475	532683	14793	14793	99.99	14793	703728	100.00	2.10	Ga0136522_1082	NODE_2_length_703728_cov_10.181370
1	14740	47363	32624	14740	14740	99.99	14740	97011	100.00	15.19	Ga0136522_1083	NODE_18_length_97011_cov_9.588855
1	14570	665	15234	14570	14570	100.00	14570	70519	100.00	20.66	Ga0136522_1084	NODE_20_length_70519_cov_8.615265
1	14553	48382	62934	14553	14553	99.99	14553	94060	100.00	15.47	Ga0136522_1085	NODE_19_length_94060_cov_8.742482
1	14442	116	14557	14442	14442	100.00	14442	274825	100.00	5.25	Ga0136522_1086	NODE_3_length_274825_cov_9.083168
1	14251	263140	248890	14251	14251	99.99	14251	714348	100.00	1.99	Ga0136522_1087	NODE_1_length_714348_cov_9.210285
1	14060	87641	73582	14060	14060	100.00	14060	168592	100.00	8.34	Ga0136522_1088	NODE_8_length_168592_cov_9.175985
1	13487	239385	225899	13487	13487	99.99	13487	241770	100.00	5.58	Ga0136522_1089	NODE_5_length_241770_cov_9.152546
1	13186	145760	158945	13186	13186	99.99	13186	233608	100.00	5.64	Ga0136522_1090	NODE_6_length_233608_cov_8.452938
1	13002	54522	41521	13002	13002	100.00	13002	68327	100.00	19.03	Ga0136522_1091	NODE_21_length_68327_cov_8.768661
1	12856	164656	151801	12856	12856	100.00	12856	183982	100.00	6.99	Ga0136522_1092	NODE_7_length_183982_cov_8.460096
1	5007	402	5408	5007	5007	100.00	12692	5408	39.45	92.59	Ga0136522_1093	NODE_39_length_5408_cov_8.209602
1	12659	236468	223810	12659	12659	99.99	12659	274825	100.00	4.61	Ga0136522_1094	NODE_3_length_274825_cov_9.083168
1	12611	123815	111205	12611	12611	100.00	12611	144931	100.00	8.70	Ga0136522_1095	NODE_12_length_144931_cov_9.875901
51	12271	1	12221	12221	12221	100.00	12271	144931	99.59	8.43	Ga0136522_1096	NODE_12_length_144931_cov_9.875901
1	12200	16267	28466	12200	12200	100.00	12200	142574	100.00	8.56	Ga0136522_1097	NODE_13_length_142574_cov_8.334400
1	12040	229964	242003	12040	12040	100.00	12040	703728	100.00	1.71	Ga0136522_1098	NODE_2_length_703728_cov_10.181370
1	12024	674299	662276	12024	12024	100.00	12024	703728	100.00	1.71	Ga0136522_1099	NODE_2_length_703728_cov_10.181370
1	11950	157839	169788	11950	11950	100.00	11950	243169	100.00	4.91	Ga0136522_1100	NODE_4_length_243169_cov_9.241138
1	11921	42998	31078	11921	11921	99.99	11921	168592	100.00	7.07	Ga0136522_1101	NODE_8_length_168592_cov_9.175985
163	11828	102521	90856	11666	11666	99.99	11828	714348	98.63	1.63	Ga0136522_1103	NODE_1_length_714348_cov_9.210285
1	11822	33373	45194	11822	11822	100.00	11822	142574	100.00	8.29	Ga0136522_1104	NODE_13_length_142574_cov_8.334400
1	11730	130396	118667	11730	11730	100.00	11730	168592	100.00	6.96	Ga0136522_1105	NODE_8_length_168592_cov_9.175985
1	11729	60954	72682	11729	11729	99.99	11729	274825	100.00	4.27	Ga0136522_1106	NODE_3_length_274825_cov_9.083168
1	11615	532051	520437	11615	11615	100.00	11615	703728	100.00	1.65	Ga0136522_1107	NODE_2_length_703728_cov_10.181370
1	11543	350402	361944	11543	11543	99.99	11543	714348	100.00	1.62	Ga0136522_1108	NODE_1_length_714348_cov_9.210285
1	11449	482950	494398	11449	11449	100.00	11449	714348	100.00	1.60	Ga0136522_1109	NODE_1_length_714348_cov_9.210285
1	11341	134867	123534	11341	11334	99.92	11341	183982	100.00	6.16	Ga0136522_1110	NODE_7_length_183982_cov_8.460096
1	11330	161835	173164	11330	11330	99.96	11330	233608	100.00	4.85	Ga0136522_1111	NODE_6_length_233608_cov_8.452938
1	11115	73809	84923	11115	11115	100.00	11115	109392	100.00	10.16	Ga0136522_1112	NODE_15_length_109392_cov_9.006466
1	11073	47910	36838	11073	11073	100.00	11073	233608	100.00	4.74	Ga0136522_1113	NODE_6_length_233608_cov_8.452938
1	11061	261285	250225	11061	11061	100.00	11061	274825	100.00	4.02	Ga0136522_1114	NODE_3_length_274825_cov_9.083168
1	10929	107771	118699	10929	10929	99.99	10929	168592	100.00	6.48	Ga0136522_1115	NODE_8_length_168592_cov_9.175985
1	10540	10540	1	10540	10540	99.97	10817	53946	97.44	19.54	Ga0136522_1116	NODE_23_length_53946_cov_10.154052
1	10758	137472	126715	10758	10758	100.00	10758	154354	100.00	6.97	Ga0136522_1117	NODE_9_length_154354_cov_8.773783
1	10466	54479	64944	10466	10466	100.00	10466	68327	100.00	15.32	Ga0136522_1118	NODE_21_length_68327_cov_8.768661
1	10458	510030	520487	10458	10458	100.00	10458	703728	100.00	1.49	Ga0136522_1119	NODE_2_length_703728_cov_10.181370
1	10454	308813	298360	10454	10454	100.00	10454	703728	100.00	1.49	Ga0136522_1120	NODE_2_length_703728_cov_10.181370
1	8953	215171	224123	8953	8953	99.60	10280	233608	87.09	3.83	Ga0136522_1121	NODE_6_length_233608_cov_8.452938
1	10235	82182	92416	10235	10235	100.00	10235	183982	100.00	5.56	Ga0136522_1122	NODE_7_length_183982_cov_8.460096
1	10232	543627	533396	10232	10232	100.00	10232	714348	100.00	1.43	Ga0136522_1123	NODE_1_length_714348_cov_9.210285
1	10229	22468	12240	10229	10229	100.00	10229	144931	100.00	7.06	Ga0136522_1124	NODE_12_length_144931_cov_9.875901
1	10187	263320	273506	10187	10187	99.99	10187	274825	100.00	3.71	Ga0136522_1125	NODE_3_length_274825_cov_9.083168
1	3251	10049	6799	3251	3251	99.85	10181	703728	31.93	0.46	Ga0136522_1126	NODE_2_length_703728_cov_10.181370
3309	10181	6900	26	6873	6875	99.80	10181	703728	67.51	0.98	Ga0136522_1126	NODE_2_length_703728_cov_10.181370
46	10060	1	10015	10015	10015	99.99	10060	14104	99.55	71.01	Ga0136522_1127	NODE_33_length_14104_cov_8.582888
1	5890	760	6649	5890	5890	100.00	10059	21396	58.55	27.53	Ga0136522_1128	NODE_30_length_21396_cov_8.486997
5866	10059	6746	10939	4194	4194	99.98	10059	21396	41.69	19.60	Ga0136522_1128	NODE_30_length_21396_cov_8.486997
1	9934	148357	138424	9934	9934	100.00	9934	243169	100.00	4.09	Ga0136522_1129	NODE_4_length_243169_cov_9.241138
1	9925	27998	37922	9925	9925	100.00	9925	274825	100.00	3.61	Ga0136522_1130	NODE_3_length_274825_cov_9.083168
1	9874	147948	138075	9874	9874	100.00	9874	150614	100.00	6.56	Ga0136522_1131	NODE_11_length_150614_cov_8.927975
1	9858	90133	99990	9858	9858	100.00	9858	100245	100.00	9.83	Ga0136522_1132	NODE_17_length_100245_cov_9.218595
1	9767	263080	272846	9767	9767	100.00	9767	714348	100.00	1.37	Ga0136522_1133	NODE_1_length_714348_cov_9.210285
1	9760	128721	138480	9760	9760	100.00	9760	243169	100.00	4.01	Ga0136522_1134	NODE_4_length_243169_cov_9.241138
1	3773	78891	75119	3773	3773	100.00	9717	106692	38.83	3.54	Ga0136522_1135	NODE_16_length_106692_cov_8.953187
3759	9717	75021	69063	5959	5959	100.00	9717	106692	61.33	5.59	Ga0136522_1135	NODE_16_length_106692_cov_8.953187
1	9701	652632	662332	9701	9701	100.00	9701	703728	100.00	1.38	Ga0136522_1136	NODE_2_length_703728_cov_10.181370
1	9654	167137	157484	9654	9654	99.99	9654	168592	100.00	5.73	Ga0136522_1137	NODE_8_length_168592_cov_9.175985
1	9576	699028	708603	9576	9576	100.00	9576	714348	100.00	1.34	Ga0136522_1138	NODE_1_length_714348_cov_9.210285
1	9527	293772	303298	9527	9527	99.99	9527	714348	100.00	1.33	Ga0136522_1139	NODE_1_length_714348_cov_9.210285
1	9526	340917	350442	9526	9526	100.00	9526	714348	100.00	1.33	Ga0136522_1140	NODE_1_length_714348_cov_9.210285
1	9385	96972	87588	9385	9385	100.00	9385	168592	100.00	5.57	Ga0136522_1141	NODE_8_length_168592_cov_9.175985
1	9313	88598	79286	9313	9313	100.00	9313	106692	100.00	8.73	Ga0136522_1142	NODE_16_length_106692_cov_8.953187
1	9264	115469	106206	9264	9264	99.98	9264	243169	100.00	3.81	Ga0136522_1143	NODE_4_length_243169_cov_9.241138
1	9254	812	10065	9254	9254	99.94	9254	42313	100.00	21.87	Ga0136522_1144	NODE_26_length_42313_cov_9.090492
1	9153	7301	16453	9153	9153	100.00	9153	68327	100.00	13.40	Ga0136522_1146	NODE_21_length_68327_cov_8.768661
1	9108	51068	41961	9108	9108	99.99	9108	150614	100.00	6.05	Ga0136522_1147	NODE_11_length_150614_cov_8.927975
220	9082	243169	234307	8863	8863	100.00	9082	243169	97.59	3.64	Ga0136522_1148	NODE_4_length_243169_cov_9.241138
1	9052	340948	331897	9052	9052	100.00	9052	714348	100.00	1.27	Ga0136522_1149	NODE_1_length_714348_cov_9.210285
1	9026	177380	186405	9026	9026	100.00	9026	241770	100.00	3.73	Ga0136522_1150	NODE_5_length_241770_cov_9.152546
1	8865	12532	21396	8865	8865	100.00	8894	21396	99.67	41.43	Ga0136522_1151	NODE_30_length_21396_cov_8.486997
190	8877	173240	181927	8688	8688	99.99	8877	233608	97.87	3.72	Ga0136522_1152	NODE_6_length_233608_cov_8.452938
1	8867	97393	106259	8867	8867	100.00	8867	243169	100.00	3.65	Ga0136522_1153	NODE_4_length_243169_cov_9.241138
1	8844	81444	72601	8844	8844	100.00	8844	274825	100.00	3.22	Ga0136522_1154	NODE_3_length_274825_cov_9.083168
1	8782	225625	234406	8782	8782	100.00	8782	243169	100.00	3.61	Ga0136522_1155	NODE_4_length_243169_cov_9.241138
1	8776	52469	61244	8776	8776	100.00	8776	100245	100.00	8.75	Ga0136522_1156	NODE_17_length_100245_cov_9.218595
1	8742	400095	408836	8742	8742	99.99	8742	714348	100.00	1.22	Ga0136522_1157	NODE_1_length_714348_cov_9.210285
1	8728	131895	123168	8728	8728	99.99	8728	241770	100.00	3.61	Ga0136522_1158	NODE_5_length_241770_cov_9.152546
1	8724	120197	111474	8724	8724	100.00	8724	233608	100.00	3.73	Ga0136522_1159	NODE_6_length_233608_cov_8.452938
3	8724	31076	22355	8722	8722	99.99	8724	168592	99.98	5.17	Ga0136522_1160	NODE_8_length_168592_cov_9.175985
1	8702	616597	625298	8702	8702	100.00	8702	714348	100.00	1.22	Ga0136522_1161	NODE_1_length_714348_cov_9.210285
1	8658	605055	596398	8658	8658	99.99	8658	714348	100.00	1.21	Ga0136522_1162	NODE_1_length_714348_cov_9.210285
1	8616	100656	109271	8616	8616	99.99	8616	150614	100.00	5.72	Ga0136522_1163	NODE_11_length_150614_cov_8.927975
2	8610	15173	23781	8609	8609	99.99	8610	70519	99.99	12.21	Ga0136522_1164	NODE_20_length_70519_cov_8.615265
1	8563	178675	170113	8563	8563	99.96	8563	183982	100.00	4.65	Ga0136522_1165	NODE_7_length_183982_cov_8.460096
1	8535	2406	10940	8535	8535	100.00	8535	12710	100.00	67.15	Ga0136522_1166	NODE_34_length_12710_cov_8.032161
1	8362	68978	60617	8362	8362	100.00	8362	150614	100.00	5.55	Ga0136522_1167	NODE_11_length_150614_cov_8.927975
1	8253	122751	131003	8253	8253	100.00	8253	154287	100.00	5.35	Ga0136522_1168	NODE_10_length_154287_cov_8.695984
1	8228	16062	7835	8228	8228	100.00	8228	100245	100.00	8.21	Ga0136522_1170	NODE_17_length_100245_cov_9.218595
1	8227	693290	685064	8227	8227	100.00	8227	714348	100.00	1.15	Ga0136522_1171	NODE_1_length_714348_cov_9.210285
1	8129	655880	647752	8129	8129	99.99	8193	714348	99.22	1.14	Ga0136522_1172	NODE_1_length_714348_cov_9.210285
1	1725	1045	2769	1725	1725	100.00	8185	2769	21.08	62.30	Ga0136522_1173	NODE_45_length_2769_cov_4.764186
1008	4792	19406	15622	3785	3785	97.09	8185	22104	46.24	17.12	Ga0136522_1173	NODE_29_length_22104_cov_7.881174
4781	7643	15521	12659	2863	2863	100.00	8185	22104	34.98	12.95	Ga0136522_1173	NODE_29_length_22104_cov_7.881174
1	8146	413998	422143	8146	8146	100.00	8146	714348	100.00	1.14	Ga0136522_1174	NODE_1_length_714348_cov_9.210285
1	8133	88683	80551	8133	8133	100.00	8133	241770	100.00	3.36	Ga0136522_1175	NODE_5_length_241770_cov_9.152546
1	5610	147436	141827	5610	5610	100.00	8117	154354	69.11	3.63	Ga0136522_1176	NODE_9_length_154354_cov_8.773783
5603	8117	137385	139899	2515	2515	100.00	8117	154354	30.98	1.63	Ga0136522_1176	NODE_9_length_154354_cov_8.773783
1	8077	224368	216292	8077	8077	100.00	8077	703728	100.00	1.15	Ga0136522_1177	NODE_2_length_703728_cov_10.181370
1	8072	210045	218116	8072	8072	99.91	8072	243169	100.00	3.32	Ga0136522_1178	NODE_4_length_243169_cov_9.241138
1	8042	56044	64085	8042	8042	100.00	8042	70519	100.00	11.40	Ga0136522_1179	NODE_20_length_70519_cov_8.615265
3	8036	88379	80346	8034	8034	100.00	8036	142574	99.98	5.63	Ga0136522_1180	NODE_13_length_142574_cov_8.334400
1	8003	482978	474976	8003	8003	100.00	8003	714348	100.00	1.12	Ga0136522_1181	NODE_1_length_714348_cov_9.210285
1	7982	195075	187094	7982	7982	100.00	7982	233608	100.00	3.42	Ga0136522_1182	NODE_6_length_233608_cov_8.452938
1	7939	10123	18061	7939	7939	100.00	7939	150614	100.00	5.27	Ga0136522_1183	NODE_11_length_150614_cov_8.927975
34	7902	1	7869	7869	7869	99.95	7902	142574	99.58	5.52	Ga0136522_1184	NODE_13_length_142574_cov_8.334400
1	7810	616649	608840	7810	7810	99.99	7810	714348	100.00	1.09	Ga0136522_1185	NODE_1_length_714348_cov_9.210285
1	7779	527588	519810	7779	7779	99.97	7779	714348	100.00	1.09	Ga0136522_1186	NODE_1_length_714348_cov_9.210285
1	7763	42893	35131	7763	7763	100.00	7763	45497	100.00	17.06	Ga0136522_1188	NODE_25_length_45497_cov_8.751441
1	7710	52541	44832	7710	7710	99.97	7710	100245	100.00	7.69	Ga0136522_1189	NODE_17_length_100245_cov_9.218595
1	7666	13393	21058	7666	7666	100.00	7666	45785	100.00	16.74	Ga0136522_1190	NODE_24_length_45785_cov_8.857249
1	7639	50820	58458	7639	7639	100.00	7639	154287	100.00	4.95	Ga0136522_1191	NODE_10_length_154287_cov_8.695984
1	7600	218070	225669	7600	7600	100.00	7600	243169	100.00	3.13	Ga0136522_1192	NODE_4_length_243169_cov_9.241138
1	7570	152768	145199	7570	7570	100.00	7570	168592	100.00	4.49	Ga0136522_1193	NODE_8_length_168592_cov_9.175985
1	7566	459250	466815	7566	7566	100.00	7566	714348	100.00	1.06	Ga0136522_1194	NODE_1_length_714348_cov_9.210285
432	7750	233608	226272	7319	7337	99.56	7750	233608	94.44	3.14	Ga0136522_1195	NODE_6_length_233608_cov_8.452938
1	7479	554873	547395	7479	7479	99.92	7479	703728	100.00	1.06	Ga0136522_1196	NODE_2_length_703728_cov_10.181370
1	7389	93735	101123	7389	7389	100.00	7389	183982	100.00	4.02	Ga0136522_1197	NODE_7_length_183982_cov_8.460096
91	7374	18099	25382	7284	7284	100.00	7374	150614	98.78	4.84	Ga0136522_1198	NODE_11_length_150614_cov_8.927975
1	7311	24890	17580	7311	7311	99.96	7311	27719	100.00	26.38	Ga0136522_1199	NODE_28_length_27719_cov_8.906630
1	7294	50199	57492	7294	7294	99.99	7294	183982	100.00	3.96	Ga0136522_1200	NODE_7_length_183982_cov_8.460096
127	5118	4992	1	4992	4992	100.00	7242	4992	68.93	100.00	Ga0136522_1201	NODE_41_length_4992_cov_10.472959
180	6925	1	6746	6746	6746	100.00	7045	6798	95.76	99.24	Ga0136522_1203	NODE_36_length_6798_cov_8.391962
1	7041	9495	2469	7041	7027	99.80	7041	183982	100.00	3.82	Ga0136522_1204	NODE_7_length_183982_cov_8.460096
1	7018	562734	555717	7018	7018	100.00	7018	714348	100.00	0.98	Ga0136522_1205	NODE_1_length_714348_cov_9.210285
1	7012	80315	73304	7012	7012	99.99	7012	142574	100.00	4.92	Ga0136522_1206	NODE_13_length_142574_cov_8.334400
1	6947	502336	495398	6947	6939	99.88	6947	714348	100.00	0.97	Ga0136522_1207	NODE_1_length_714348_cov_9.210285
1	6943	242005	248947	6943	6943	100.00	6943	714348	100.00	0.97	Ga0136522_1208	NODE_1_length_714348_cov_9.210285
1	6861	345794	338934	6861	6861	100.00	6861	703728	100.00	0.97	Ga0136522_1209	NODE_2_length_703728_cov_10.181370
1	6859	56215	49357	6859	6859	100.00	6859	233608	100.00	2.94	Ga0136522_1210	NODE_6_length_233608_cov_8.452938
1	6843	7349	507	6843	6843	100.00	6843	68327	100.00	10.02	Ga0136522_1211	NODE_21_length_68327_cov_8.768661
1	6721	30915	37635	6721	6721	100.00	6721	68327	100.00	9.84	Ga0136522_1212	NODE_21_length_68327_cov_8.768661
1	6695	89463	82769	6695	6695	100.00	6695	94060	100.00	7.12	Ga0136522_1213	NODE_19_length_94060_cov_8.742482
1	6628	7966	1339	6628	6628	99.98	6628	45497	100.00	14.57	Ga0136522_1214	NODE_25_length_45497_cov_8.751441
1	6622	29908	23287	6622	6622	100.00	6622	94060	100.00	7.04	Ga0136522_1215	NODE_19_length_94060_cov_8.742482
1	6619	46801	53419	6619	6619	100.00	6619	109392	100.00	6.05	Ga0136522_1216	NODE_15_length_109392_cov_9.006466
1	6602	24921	18320	6602	6602	99.98	6602	233608	100.00	2.83	Ga0136522_1217	NODE_6_length_233608_cov_8.452938
1	6574	6597	24	6574	6574	100.00	6574	135926	100.00	4.84	Ga0136522_1218	NODE_14_length_135926_cov_8.581338
1	6574	88355	94929	6574	6575	99.98	6574	142574	100.00	4.61	Ga0136522_1219	NODE_13_length_142574_cov_8.334400
1	6551	135161	141711	6551	6551	99.97	6551	233608	100.00	2.80	Ga0136522_1220	NODE_6_length_233608_cov_8.452938
1	6516	52585	46070	6516	6516	100.00	6516	135926	100.00	4.79	Ga0136522_1221	NODE_14_length_135926_cov_8.581338
1	6489	170942	177430	6489	6489	100.00	6489	241770	100.00	2.68	Ga0136522_1222	NODE_5_length_241770_cov_9.152546
1	6410	94777	88368	6410	6410	100.00	6410	135926	100.00	4.72	Ga0136522_1223	NODE_14_length_135926_cov_8.581338
1	6394	98312	91919	6394	6394	100.00	6394	233608	100.00	2.74	Ga0136522_1224	NODE_6_length_233608_cov_8.452938
1	6391	36868	43258	6391	6391	100.00	6391	241770	100.00	2.64	Ga0136522_1225	NODE_5_length_241770_cov_9.152546
1	6294	234042	240335	6294	6294	99.98	6294	714348	100.00	0.88	Ga0136522_1226	NODE_1_length_714348_cov_9.210285
1	6288	70573	76860	6288	6288	100.00	6288	241770	100.00	2.60	Ga0136522_1227	NODE_5_length_241770_cov_9.152546
1	6273	162385	168657	6273	6273	100.00	6273	714348	100.00	0.88	Ga0136522_1228	NODE_1_length_714348_cov_9.210285
1	6268	225947	219680	6268	6268	100.00	6268	241770	100.00	2.59	Ga0136522_1229	NODE_5_length_241770_cov_9.152546
1	6258	144594	138337	6258	6258	99.98	6258	154287	100.00	4.06	Ga0136522_1230	NODE_10_length_154287_cov_8.695984
1	6256	70618	64363	6256	6256	100.00	6256	241770	100.00	2.59	Ga0136522_1231	NODE_5_length_241770_cov_9.152546
1	6247	44627	50873	6247	6247	100.00	6247	154287	100.00	4.05	Ga0136522_1232	NODE_10_length_154287_cov_8.695984
1	6200	10398	4199	6200	6200	100.00	6200	106692	100.00	5.81	Ga0136522_1233	NODE_16_length_106692_cov_8.953187
1	6124	19629	25752	6124	6124	100.00	6124	45497	100.00	13.46	Ga0136522_1234	NODE_25_length_45497_cov_8.751441
1	5981	36333	42313	5981	5981	99.95	6112	42313	97.86	14.14	Ga0136522_1235	NODE_26_length_42313_cov_9.090492
1	6092	100460	106551	6092	6092	100.00	6092	106692	100.00	5.71	Ga0136522_1236	NODE_16_length_106692_cov_8.953187
1	6083	76152	82234	6083	6083	100.00	6083	183982	100.00	3.31	Ga0136522_1237	NODE_7_length_183982_cov_8.460096
1	6066	108526	102461	6066	6066	100.00	6066	233608	100.00	2.60	Ga0136522_1238	NODE_6_length_233608_cov_8.452938
1	6061	57949	64009	6061	6061	99.97	6061	714348	100.00	0.85	Ga0136522_1239	NODE_1_length_714348_cov_9.210285
1	6060	67562	61503	6060	6060	100.00	6060	154287	100.00	3.93	Ga0136522_1240	NODE_10_length_154287_cov_8.695984
1	6047	120773	114727	6047	6047	100.00	6047	154287	100.00	3.92	Ga0136522_1242	NODE_10_length_154287_cov_8.695984
1	5915	242340	236426	5915	5915	100.00	5915	274825	100.00	2.15	Ga0136522_1243	NODE_3_length_274825_cov_9.083168
1	5699	38283	43981	5699	5699	100.00	5901	94060	96.58	6.06	Ga0136522_1244	NODE_19_length_94060_cov_8.742482
1	5879	23332	17454	5879	5879	100.00	5879	94060	100.00	6.25	Ga0136522_1245	NODE_19_length_94060_cov_8.742482
1	5835	533433	527599	5835	5835	100.00	5835	714348	100.00	0.82	Ga0136522_1246	NODE_1_length_714348_cov_9.210285
1	5832	699075	693244	5832	5832	100.00	5832	714348	100.00	0.82	Ga0136522_1247	NODE_1_length_714348_cov_9.210285
1	5750	512280	518029	5750	5750	100.00	5750	714348	100.00	0.80	Ga0136522_1248	NODE_1_length_714348_cov_9.210285
1	5726	37300	31575	5726	5726	100.00	5726	70519	100.00	8.12	Ga0136522_1249	NODE_20_length_70519_cov_8.615265
1	5693	224313	230005	5693	5693	100.00	5693	703728	100.00	0.81	Ga0136522_1250	NODE_2_length_703728_cov_10.181370
1	5671	81377	75707	5671	5671	100.00	5671	233608	100.00	2.43	Ga0136522_1251	NODE_6_length_233608_cov_8.452938
1	5626	596435	590810	5626	5626	99.98	5626	714348	100.00	0.79	Ga0136522_1252	NODE_1_length_714348_cov_9.210285
1	5605	88846	83242	5605	5605	100.00	5605	274825	100.00	2.04	Ga0136522_1253	NODE_3_length_274825_cov_9.083168
1	5570	15928	10359	5570	5570	100.00	5570	106692	100.00	5.22	Ga0136522_1254	NODE_16_length_106692_cov_8.953187
1	5559	55752	61310	5559	5559	100.00	5559	135926	100.00	4.09	Ga0136522_1255	NODE_14_length_135926_cov_8.581338
1	5514	554824	560337	5514	5514	100.00	5514	703728	100.00	0.78	Ga0136522_1256	NODE_2_length_703728_cov_10.181370
1	5509	17659	12151	5509	5509	100.00	5509	27719	100.00	19.87	Ga0136522_1257	NODE_28_length_27719_cov_8.906630
1	5493	209122	203630	5493	5493	100.00	5493	233608	100.00	2.35	Ga0136522_1258	NODE_6_length_233608_cov_8.452938
1	5483	65393	70875	5483	5483	100.00	5483	154354	100.00	3.55	Ga0136522_1259	NODE_9_length_154354_cov_8.773783
1	5473	646231	640759	5473	5473	100.00	5473	714348	100.00	0.77	Ga0136522_1260	NODE_1_length_714348_cov_9.210285
2	5465	3469	8932	5464	5464	100.00	5465	15018	99.98	36.38	Ga0136522_1261	NODE_32_length_15018_cov_8.077992
1	5430	27751	33180	5430	5430	100.00	5430	150614	100.00	3.61	Ga0136522_1262	NODE_11_length_150614_cov_8.927975
1	5426	130500	135925	5426	5426	100.00	5426	135926	100.00	3.99	Ga0136522_1263	NODE_14_length_135926_cov_8.581338
1	5408	130561	125154	5408	5408	100.00	5408	135926	100.00	3.98	Ga0136522_1264	NODE_14_length_135926_cov_8.581338
1	5379	88976	94354	5379	5379	100.00	5379	241770	100.00	2.22	Ga0136522_1266	NODE_5_length_241770_cov_9.152546
1	5364	14310	19673	5364	5364	100.00	5364	45497	100.00	11.79	Ga0136522_1267	NODE_25_length_45497_cov_8.751441
1	5328	43229	37902	5328	5328	99.98	5328	183982	100.00	2.90	Ga0136522_1268	NODE_7_length_183982_cov_8.460096
1	5266	303211	308476	5266	5266	100.00	5266	714348	100.00	0.74	Ga0136522_1270	NODE_1_length_714348_cov_9.210285
1	5233	35092	29860	5233	5233	100.00	5233	94060	100.00	5.56	Ga0136522_1271	NODE_19_length_94060_cov_8.742482
1	5206	85136	79931	5206	5206	100.00	5206	135926	100.00	3.83	Ga0136522_1272	NODE_14_length_135926_cov_8.581338
1	5190	3864	9053	5190	5190	100.00	5190	150614	100.00	3.45	Ga0136522_1273	NODE_11_length_150614_cov_8.927975
1	5164	17219	22382	5164	5164	100.00	5164	274825	100.00	1.88	Ga0136522_1274	NODE_3_length_274825_cov_9.083168
1	5123	427223	422101	5123	5123	99.98	5123	714348	100.00	0.72	Ga0136522_1275	NODE_1_length_714348_cov_9.210285
1	5117	140160	145276	5117	5117	100.00	5117	168592	100.00	3.04	Ga0136522_1276	NODE_8_length_168592_cov_9.175985
1	5059	428792	433850	5059	5059	100.00	5059	714348	100.00	0.71	Ga0136522_1277	NODE_1_length_714348_cov_9.210285
1	5042	19842	24883	5042	5042	100.00	5042	68327	100.00	7.38	Ga0136522_1278	NODE_21_length_68327_cov_8.768661
1	5040	136885	131846	5040	5040	100.00	5040	241770	100.00	2.08	Ga0136522_1279	NODE_5_length_241770_cov_9.152546
1	5039	102609	97571	5039	5039	100.00	5039	135926	100.00	3.71	Ga0136522_1280	NODE_14_length_135926_cov_8.581338
30	5035	30185	35190	5006	5006	99.98	5035	45497	99.42	11.00	Ga0136522_1281	NODE_25_length_45497_cov_8.751441
1	5014	130341	135354	5014	5014	100.00	5014	168592	100.00	2.97	Ga0136522_1282	NODE_8_length_168592_cov_9.175985
1	5014	12153	7140	5014	5014	100.00	5014	233608	100.00	2.15	Ga0136522_1283	NODE_6_length_233608_cov_8.452938
1	4989	466782	471770	4989	4989	100.00	4989	714348	100.00	0.70	Ga0136522_1284	NODE_1_length_714348_cov_9.210285
1	4978	33420	28443	4978	4978	100.00	4978	142574	100.00	3.49	Ga0136522_1285	NODE_13_length_142574_cov_8.334400
1	4974	140216	135243	4974	4974	99.96	4974	168592	100.00	2.95	Ga0136522_1286	NODE_8_length_168592_cov_9.175985
1806	4950	15018	11874	3145	3145	100.00	4950	15018	63.54	20.94	Ga0136522_1287	NODE_32_length_15018_cov_8.077992
1	4840	157820	152981	4840	4840	100.00	4840	243169	100.00	1.99	Ga0136522_1288	NODE_4_length_243169_cov_9.241138
1	4840	59765	54926	4840	4840	100.00	4840	142574	100.00	3.39	Ga0136522_1289	NODE_13_length_142574_cov_8.334400
1	4837	122437	127273	4837	4837	100.00	4837	233608	100.00	2.07	Ga0136522_1290	NODE_6_length_233608_cov_8.452938
1	4831	213940	218770	4831	4831	100.00	4831	241770	100.00	2.00	Ga0136522_1291	NODE_5_length_241770_cov_9.152546
1	4820	33120	37939	4820	4820	99.98	4820	150614	100.00	3.20	Ga0136522_1292	NODE_11_length_150614_cov_8.927975
1	4809	153198	148390	4809	4809	100.00	4809	714348	100.00	0.67	Ga0136522_1293	NODE_1_length_714348_cov_9.210285
1	4767	709245	714011	4767	4767	100.00	4767	714348	100.00	0.67	Ga0136522_1294	NODE_1_length_714348_cov_9.210285
1	4764	82703	87466	4764	4764	99.98	4764	100245	100.00	4.75	Ga0136522_1295	NODE_17_length_100245_cov_9.218595
115	4744	94060	89431	4630	4630	99.98	4744	94060	97.60	4.92	Ga0136522_1296	NODE_19_length_94060_cov_8.742482
1	4730	32195	36924	4730	4730	100.00	4730	241770	100.00	1.96	Ga0136522_1297	NODE_5_length_241770_cov_9.152546
1	4724	31066	26343	4724	4724	100.00	4724	70519	100.00	6.70	Ga0136522_1298	NODE_20_length_70519_cov_8.615265
1	4681	21829	17152	4681	4678	99.94	4681	42313	100.00	11.06	Ga0136522_1299	NODE_26_length_42313_cov_9.090492
1	4616	395532	400147	4616	4616	100.00	4616	714348	100.00	0.65	Ga0136522_1300	NODE_1_length_714348_cov_9.210285
1	4592	100521	95930	4592	4592	100.00	4592	106692	100.00	4.30	Ga0136522_1301	NODE_16_length_106692_cov_8.953187
1	4581	46389	50969	4581	4581	100.00	4581	70519	100.00	6.50	Ga0136522_1302	NODE_20_length_70519_cov_8.615265
1	4563	25840	21278	4563	4563	100.00	4563	32011	100.00	14.25	Ga0136522_1303	NODE_27_length_32011_cov_7.963481
1	4546	169738	174283	4546	4546	100.00	4546	243169	100.00	1.87	Ga0136522_1304	NODE_4_length_243169_cov_9.241138
1	4518	88036	83519	4518	4518	99.98	4518	233608	100.00	1.93	Ga0136522_1305	NODE_6_length_233608_cov_8.452938
1	4448	56765	52318	4448	4448	100.00	4448	150614	100.00	2.95	Ga0136522_1307	NODE_11_length_150614_cov_8.927975
1	4445	29883	25439	4445	4445	100.00	4445	241770	100.00	1.84	Ga0136522_1308	NODE_5_length_241770_cov_9.152546
1	4433	91590	87158	4433	4433	99.93	4433	109392	100.00	4.05	Ga0136522_1310	NODE_15_length_109392_cov_9.006466
1	4389	72937	68549	4389	4389	100.00	4389	142574	100.00	3.08	Ga0136522_1311	NODE_13_length_142574_cov_8.334400
1	4335	49159	44825	4335	4335	99.98	4335	183982	100.00	2.36	Ga0136522_1312	NODE_7_length_183982_cov_8.460096
1	4317	30040	25724	4317	4317	100.00	4317	45497	100.00	9.49	Ga0136522_1313	NODE_25_length_45497_cov_8.751441
1	4296	130950	135245	4296	4296	100.00	4296	154287	100.00	2.78	Ga0136522_1314	NODE_10_length_154287_cov_8.695984
27	4216	1	4190	4190	4190	100.00	4280	233608	97.90	1.79	Ga0136522_1315	NODE_6_length_233608_cov_8.452938
1	4257	4257	1	4257	4257	100.00	4266	106692	99.79	3.99	Ga0136522_1316	NODE_16_length_106692_cov_8.953187
1	4265	44470	40206	4265	4265	99.98	4265	274825	100.00	1.55	Ga0136522_1317	NODE_3_length_274825_cov_9.083168
1	4247	6411	2165	4247	4247	99.98	4247	22104	100.00	19.21	Ga0136522_1318	NODE_29_length_22104_cov_7.881174
1	4238	188938	193175	4238	4238	100.00	4238	241770	100.00	1.75	Ga0136522_1319	NODE_5_length_241770_cov_9.152546
1	4232	15882	20113	4232	4232	100.00	4232	106692	100.00	3.97	Ga0136522_1320	NODE_16_length_106692_cov_8.953187
1	4226	435432	439657	4226	4226	99.98	4226	714348	100.00	0.59	Ga0136522_1321	NODE_1_length_714348_cov_9.210285
1	4203	102517	98315	4203	4203	100.00	4203	233608	100.00	1.80	Ga0136522_1322	NODE_6_length_233608_cov_8.452938
1	4183	37882	42064	4183	4183	100.00	4183	150614	100.00	2.78	Ga0136522_1323	NODE_11_length_150614_cov_8.927975
1	4139	92688	88550	4139	4139	99.95	4139	106692	100.00	3.88	Ga0136522_1325	NODE_16_length_106692_cov_8.953187
1	4139	145595	141457	4139	4139	99.98	4139	241770	100.00	1.71	Ga0136522_1326	NODE_5_length_241770_cov_9.152546
1	4135	106324	102190	4135	4135	100.00	4135	183982	100.00	2.25	Ga0136522_1327	NODE_7_length_183982_cov_8.460096
1	4111	10481	14591	4111	4111	100.00	4111	42313	100.00	9.72	Ga0136522_1330	NODE_26_length_42313_cov_9.090492
1	4081	7115	11195	4081	4081	100.00	4081	94060	100.00	4.34	Ga0136522_1331	NODE_19_length_94060_cov_8.742482
1	4036	141781	145816	4036	4036	100.00	4036	233608	100.00	1.73	Ga0136522_1332	NODE_6_length_233608_cov_8.452938
1	4008	25412	29419	4008	4008	100.00	4008	233608	100.00	1.72	Ga0136522_1333	NODE_6_length_233608_cov_8.452938
1	3997	45469	41473	3997	3997	99.97	3997	109392	100.00	3.65	Ga0136522_1334	NODE_15_length_109392_cov_9.006466
1	3986	130396	134381	3986	3986	100.00	3986	142574	100.00	2.80	Ga0136522_1335	NODE_13_length_142574_cov_8.334400
1	3980	127100	123121	3980	3980	100.00	3980	243169	100.00	1.64	Ga0136522_1336	NODE_4_length_243169_cov_9.241138
1	3970	106508	102539	3970	3970	100.00	3970	714348	100.00	0.56	Ga0136522_1337	NODE_1_length_714348_cov_9.210285
1	3938	30973	27036	3938	3938	100.00	3938	68327	100.00	5.76	Ga0136522_1338	NODE_21_length_68327_cov_8.768661
2363	3904	168592	167051	1542	1542	99.94	3904	168592	39.50	0.91	Ga0136522_1339	NODE_8_length_168592_cov_9.175985
1	3896	56153	52258	3896	3896	100.00	3896	56162	100.00	6.94	Ga0136522_1340	NODE_22_length_56162_cov_9.841392
1	3895	91881	87987	3895	3895	100.00	3895	233608	100.00	1.67	Ga0136522_1341	NODE_6_length_233608_cov_8.452938
1	3890	16063	19952	3890	3890	99.97	3890	100245	100.00	3.88	Ga0136522_1342	NODE_17_length_100245_cov_9.218595
1	3888	659730	655843	3888	3888	100.00	3888	714348	100.00	0.54	Ga0136522_1343	NODE_1_length_714348_cov_9.210285
1	3856	106416	102561	3856	3856	100.00	3856	135926	100.00	2.84	Ga0136522_1345	NODE_14_length_135926_cov_8.581338
1	3846	164603	168448	3846	3846	100.00	3846	183982	100.00	2.09	Ga0136522_1346	NODE_7_length_183982_cov_8.460096
1	3758	48428	44671	3758	3758	99.92	3837	94060	97.94	4.00	Ga0136522_1348	NODE_19_length_94060_cov_8.742482
1	3829	608848	605020	3829	3829	100.00	3829	714348	100.00	0.54	Ga0136522_1349	NODE_1_length_714348_cov_9.210285
1	3790	37249	41038	3790	3790	100.00	3790	70519	100.00	5.37	Ga0136522_1350	NODE_20_length_70519_cov_8.615265
1	3775	3855	81	3775	3775	99.97	3775	4088	100.00	92.34	Ga0136522_1352	NODE_42_length_4088_cov_9.853211
1	3685	1406	5090	3685	3685	100.00	3685	154287	100.00	2.39	Ga0136522_1353	NODE_10_length_154287_cov_8.695984
1	3610	67510	71119	3610	3610	100.00	3610	154287	100.00	2.34	Ga0136522_1354	NODE_10_length_154287_cov_8.695984
1	3592	3607	16	3592	3592	99.97	3592	94060	100.00	3.82	Ga0136522_1355	NODE_19_length_94060_cov_8.742482
65	3528	25796	22333	3464	3464	100.00	3528	274825	98.19	1.26	Ga0136522_1356	NODE_3_length_274825_cov_9.083168
1	3506	3800	295	3506	3506	100.00	3506	243169	100.00	1.44	Ga0136522_1357	NODE_4_length_243169_cov_9.241138
1	3503	19902	16400	3503	3503	100.00	3503	68327	100.00	5.13	Ga0136522_1358	NODE_21_length_68327_cov_8.768661
1	3496	59721	63216	3496	3496	100.00	3496	142574	100.00	2.45	Ga0136522_1359	NODE_13_length_142574_cov_8.334400
1	3487	246650	250136	3487	3487	100.00	3487	274825	100.00	1.27	Ga0136522_1360	NODE_3_length_274825_cov_9.083168
1	3457	162426	158970	3457	3457	100.00	3457	714348	100.00	0.48	Ga0136522_1362	NODE_1_length_714348_cov_9.210285
1	3445	15856	12412	3445	3445	100.00	3445	142574	100.00	2.42	Ga0136522_1363	NODE_13_length_142574_cov_8.334400
1	3425	234110	230686	3425	3425	100.00	3425	714348	100.00	0.48	Ga0136522_1364	NODE_1_length_714348_cov_9.210285
1	3424	93	3516	3424	3424	100.00	3424	15018	100.00	22.80	Ga0136522_1365	NODE_32_length_15018_cov_8.077992
1	3419	29708	26290	3419	3419	100.00	3419	42313	100.00	8.08	Ga0136522_1366	NODE_26_length_42313_cov_9.090492
1	3400	148303	151702	3400	3400	100.00	3400	243169	100.00	1.40	Ga0136522_1367	NODE_4_length_243169_cov_9.241138
1	3397	77213	80609	3397	3397	100.00	3397	241770	100.00	1.41	Ga0136522_1368	NODE_5_length_241770_cov_9.152546
64	3392	6947	3619	3329	3329	100.00	3392	94060	98.14	3.54	Ga0136522_1369	NODE_19_length_94060_cov_8.742482
1	3363	45805	49167	3363	3363	100.00	3363	168592	100.00	1.99	Ga0136522_1370	NODE_8_length_168592_cov_9.175985
1	3355	548689	545335	3355	3355	100.00	3355	714348	100.00	0.47	Ga0136522_1371	NODE_1_length_714348_cov_9.210285
1	3338	92645	95982	3338	3338	100.00	3338	106692	100.00	3.13	Ga0136522_1373	NODE_16_length_106692_cov_8.953187
1	3337	212396	209060	3337	3337	99.94	3337	233608	100.00	1.43	Ga0136522_1374	NODE_6_length_233608_cov_8.452938
1	3328	33538	36865	3328	3328	100.00	3328	233608	100.00	1.42	Ga0136522_1375	NODE_6_length_233608_cov_8.452938
3	3259	6546	9802	3257	3257	99.94	3259	22104	99.94	14.73	Ga0136522_1379	NODE_29_length_22104_cov_7.881174
1	3242	47193	50434	3242	3242	100.00	3242	243169	100.00	1.33	Ga0136522_1380	NODE_4_length_243169_cov_9.241138
1	3240	41708	38469	3240	3240	99.97	3240	45785	100.00	7.08	Ga0136522_1381	NODE_24_length_45785_cov_8.857249
1	3238	135198	138435	3238	3238	100.00	3238	154287	100.00	2.10	Ga0136522_1382	NODE_10_length_154287_cov_8.695984
1	2718	6684	9401	2718	2718	99.78	3231	9401	84.12	28.91	Ga0136522_1383	NODE_35_length_9401_cov_6.686925
1	3208	46211	49418	3208	3208	100.00	3208	154354	100.00	2.08	Ga0136522_1384	NODE_9_length_154354_cov_8.773783
1	3203	151631	148429	3203	3203	100.00	3203	154354	100.00	2.08	Ga0136522_1385	NODE_9_length_154354_cov_8.773783
1	3159	68528	65370	3159	3159	99.94	3159	70519	100.00	4.48	Ga0136522_1386	NODE_20_length_70519_cov_8.615265
1	3130	51851	54980	3130	3130	100.00	3130	142574	100.00	2.20	Ga0136522_1387	NODE_13_length_142574_cov_8.334400
1	3122	123650	126771	3122	3122	100.00	3122	154354	100.00	2.02	Ga0136522_1388	NODE_9_length_154354_cov_8.773783
1	3110	553412	550303	3110	3110	100.00	3110	714348	100.00	0.44	Ga0136522_1389	NODE_1_length_714348_cov_9.210285
1	3087	171691	168605	3087	3087	100.00	3087	714348	100.00	0.43	Ga0136522_1391	NODE_1_length_714348_cov_9.210285
1	3062	8865	11926	3062	3062	100.00	3062	15018	100.00	20.39	Ga0136522_1392	NODE_32_length_15018_cov_8.077992
1	3059	13026	9968	3059	3059	100.00	3059	14104	100.00	21.69	Ga0136522_1393	NODE_33_length_14104_cov_8.582888
1	3057	12754	9698	3057	3057	100.00	3057	45497	100.00	6.72	Ga0136522_1394	NODE_25_length_45497_cov_8.751441
1	3049	408775	411823	3049	3049	100.00	3049	714348	100.00	0.43	Ga0136522_1396	NODE_1_length_714348_cov_9.210285
1	3020	66436	63417	3020	3020	100.00	3020	142574	100.00	2.12	Ga0136522_1397	NODE_13_length_142574_cov_8.334400
1	3000	71861	68862	3000	3000	99.97	3000	150614	100.00	1.99	Ga0136522_1399	NODE_11_length_150614_cov_8.927975
2688	3756	1	1079	1069	1079	99.07	3756	45785	28.46	2.36	Ga0136522_1400	NODE_24_length_45785_cov_8.857249
