Genomic bins	B7_22mMystic	B9_PosControlEColiMystic	A3_1mMystic	A7_9mMystic	B3_17mMystic	A5_5mMystic	H2_PosControlEBAlly	A4_3mMystic	B5_20mMystic	B1_13mMystic	A1_FB_ShallowInflow	B6_21mMystic	B2_15mMystic	H3_PosControlEMAlly	B4_19mMystic	A6_7mMystic	A8_11mMystic
bin.126	0.522176034513	0.000986500514267	1.18741386718	4.32288267984	0.970553734609	2.98385516741	0.0	1.17051049509	0.770925214183	3.09992865326	0.591700806556	0.627006956417	1.26853633351	0.00400200064535	0.724494251298	4.35357978419	3.9979038843
bin.89	0.107194951474	0.0	0.303588759444	4.94131469467	0.0978149512431	3.80503592701	0.0	0.306447259396	0.103219334016	2.51581378733	0.400506878963	0.118380097792	0.198921131086	0.0708412236783	0.113594209932	1.93811009631	7.3543815501
bin.20	0.644089219059	0.0	101.610907987	1.47436513496	0.820754959513	5.38952728916	0.0221338559396	95.3464508934	0.948033991955	1.76321267282	13.4000134018	0.731152578819	0.607842623647	0.0165235642518	0.872644853608	2.08147433561	1.69478923547
bin.4	0.045871467806	6.0364698633e-09	3.39795877515	0.0940564020248	0.0314840466823	1.94179594121	0.00173974331215	4.65223501073	0.0441207851738	0.0927109667723	26.2766033774	0.0314619994718	0.033613191163	2.2810518387	0.0735264724712	0.836784562124	0.0799772454793
bin.25	0.589145191863	0.0	9.68377516577	3.10479046422	0.728236058488	1.96467585518	0.00464532599859	9.97373582659	0.733638829463	1.84061763507	9.13923303408	0.667067966417	0.72686631136	1.50740304091	0.698486392802	2.8336566396	2.74950807157
bin.22	0.101773808534	0.0	19.1946490291	0.508457008277	0.104116816583	2.83789638344	0.0030385005627	18.6157968902	0.0876766181148	0.250593890762	11.6720491731	0.0783404536497	0.127073609259	0.00764320564668	0.0950393530135	0.78129263284	0.360245301906
bin.198	0.321222980387	0.0	2.19982562168	25.1091889673	0.399387875854	2.58797789515	0.0	2.05104160653	0.332392167771	6.15459982376	0.435675801341	0.374213264335	0.709875706573	0.025867953006	0.365656845343	22.8975329104	16.4672331056
bin.5	0.159753792441	0.0	11.6815882362	0.341562631559	0.167126253756	1.87423188283	0.0192062137955	16.6480972492	0.156346208523	0.262695638708	27.0944365423	0.205062589173	0.117428468419	0.0	0.16665866601	0.71472998777	0.441606487295
bin.6	1.41837791604	0.0	12.6324084975	4.54441097622	1.49294378011	4.98120367148	0.00647179832503	17.0695930988	1.53533843267	2.96973740282	27.1466293911	1.62770399138	0.997361958129	0.0674288811512	1.8243883224	6.35339028749	4.25488598458
bin.220	0.384437611168	0.0	0.24639235203	2.99467762109	0.975096129851	1.59682793398	0.0	0.240015592841	0.465428150824	2.73475354873	0.134289931336	0.438662606391	2.25078416055	0.020276380003	0.356384797519	1.49270541612	3.8345076379
bin.59	0.279588438587	0.00181405314227	12.5938369117	13.6136809719	0.408411096858	5.61521567429	0.00164672544365	12.6106939139	0.341341428996	4.38867740886	3.87057327439	0.314848649634	0.759033063074	0.0380928545244	0.303877862852	14.92427615	8.74463414812
bin.235	9.30497959562	0.0	0.00537503092496	0.00497513582019	19.1787213022	0.00813244212201	0.0	0.00790631896704	8.5405093622	0.0733561241995	0.110507653374	9.16925231913	0.806656453868	0.0	9.64800905453	0.00123559799282	0.0141352159691
bin.213	0.178658421072	0.0	0.16578730268	8.3799888401	0.423316847718	0.264255597578	0.00122017038496	0.167111230398	0.187030367158	3.88317886647	0.23900089507	0.189798762173	0.802689240586	0.00788653122294	0.204475707027	2.23635592495	11.5605164236
bin.214	17.0282397508	0.0113136908618	0.0363466661192	0.0369383265525	17.1055543575	0.0530389894684	0.00137059762289	0.0422072196787	26.317923656	48.2173757074	0.182924333807	20.6114039941	30.1844906659	0.00898979830209	26.7462237709	0.0506533858581	0.0983280147801
bin.218	11.8878562922	0.0	0.000918776591087	0.0122935670977	6.66918892291	0.0113848781868	0.0	0.00254583732696	10.8270309355	0.415536725768	0.0392423418306	11.4206011672	3.3131393267	0.00272961420439	12.204065105	0.00799460584864	0.03086320422
bin.228	1.63918027001	0.0	0.0155117704961	0.0238695629596	7.91880787003	0.404721000587	0.000880852642957	0.0157100854051	1.93975279501	0.900898809836	0.0538757168569	1.71578837534	8.26333191017	0.0036598470521	2.14709919681	0.0338886453836	0.038355964869
bin.102	63.6999419478	2.63382631363	0.109001202433	0.208851520359	134.473565563	0.17313365944	3.05537935825	0.108631419783	74.8875335809	13.4328925143	0.597643494411	77.4188140617	91.8294675561	0.295441795684	87.0937190042	0.165369511962	0.530254758629
bin.208	9.95983741124	0.00338960115822	0.00814322695296	0.0181349211768	5.53896726401	0.0174899226233	0.0	0.0151704751657	10.5098212246	0.0658808752012	0.118028051798	10.8425248696	1.26679239952	0.0102824933924	10.0039294857	0.0129906285449	0.0319692916283
bin.243	4.91886146663	0.00382757899685	0.0111876865496	0.0080895984774	6.9131819171	0.0122734132606	0.000751919738603	0.00839267862246	5.67415423259	0.522323028069	0.0355874134472	5.29188617315	5.05074320885	0.00139325410479	6.07915433218	0.00779407815717	0.0205130411333
bin.215	0.0542661491811	0.0	0.0608800139772	0.901108345416	0.0738759896543	1.12471834124	0.0	0.0582078259804	0.0550349264442	0.216309945755	0.0765951260889	0.0411819869396	0.125206057474	0.00549727179994	0.0454381789801	17.1651688641	0.341163561866
bin.85	7.36906034681	0.0	0.141556738628	0.185569013154	10.4340870019	2.42634670226	0.0	0.13801594794	9.64890618268	7.84766401844	0.520673453097	9.07366786293	16.850906576	0.0724997322836	9.34312348732	0.816445915989	0.245216816771
bin.180	0.892708303405	0.0	0.0483150848997	0.164429986027	4.15561422144	0.0995508055024	0.0	0.06489893318	1.41396758097	4.40990986526	0.212129830511	1.07958478335	10.0326877129	0.00701994311932	1.43438587945	0.0758929229669	0.981524048036
bin.101	0.450074958632	18.6387733289	0.522416561105	6.11934971418	0.381512277052	0.659871531677	18.8103580157	0.555229171942	0.408107104431	3.80623455627	1.210009376	0.425621250101	0.762514891605	1.66599812739	0.397013930762	1.06417847364	10.126318158
bin.128	6.34618280095	0.0128994323205	1.41043496597	9.9886944567	14.7735157024	3.23169638766	0.00965016762333	1.26806594143	9.91830093234	27.4083159819	1.21605822016	7.8124115966	21.6068556561	0.0286064483129	9.63684291792	9.19154840485	16.7175426211
bin.194	0.0773631482569	0.0	0.19191901881	12.7589317645	0.0911861172436	0.201922373538	0.0	0.18819777816	0.0659916356535	2.59328972902	0.305413322711	0.0676217564185	0.221949772564	0.00895965937339	0.0621872559194	7.59695134114	13.5117005788
bin.175	11.3153904804	0.0	0.0198107588187	0.0222329902866	1.77471259582	0.01187932778	0.0	0.0220800957221	12.223743129	0.0433899081145	0.0607829175476	12.3643416705	0.23580506283	0.00887737378284	14.1948262786	0.0164041665332	0.0515176444503
bin.70	1.52019821539	0.0	0.317233522585	0.565911596588	3.61518430627	0.420170487947	0.0	0.337080141982	1.50664664704	3.22060463491	0.541526872025	1.70172975569	7.49151197699	0.0475525533708	1.60896451553	0.22415086793	0.877702972842
bin.223	12.5843367841	0.00659026456864	0.0596060287708	0.0438057410163	4.61049203905	0.0635296476089	0.00910134366774	0.0571938418592	10.3510987164	0.136927301265	0.196828834491	10.4577013585	1.13970986624	0.0119762607624	9.66249053691	0.0501140857762	0.073106034716
bin.206	5.06970035516	0.0	0.0110504227014	0.0104801221897	8.71331490777	0.0126205760367	0.000741432072851	0.00928956664297	6.0992472136	0.449960436507	0.0305724894851	5.68599474388	5.53980163669	0.00446509438936	6.68745844842	0.0117913992528	0.0364529247664
bin.233	0.224669799558	0.0	0.370249413632	9.36232973956	0.498503589278	1.46671214647	0.00138250223565	0.406285653971	0.224385739535	2.76308490586	0.0544150250219	0.200658884927	2.18414951161	0.00348301693901	0.193557998327	4.28020626939	8.83787253762
bin.7	0.0644120275535	0.0	7.71596849396	0.326540873997	0.0693832845595	2.326443789	0.0	8.39012622436	0.0736789136352	0.221014551938	23.7823299202	0.0827157101867	0.0768599423905	0.0326306106565	0.0817846665739	1.47422549562	0.366080866959
bin.46	2.23315346039	0.0	5.49666417273	2.74641311814	2.49638572939	1.75938550679	0.00265303263158	5.07283264316	3.21725685077	2.75627349249	8.89405102172	2.59313115343	1.40132465654	0.00944061575022	3.02397201775	2.77652840624	2.68500615626
bin.54	1.05454242819	0.0	28.2638567389	53.2602027094	1.38250849639	13.7879466748	0.00212459568895	25.8424556989	1.26282195193	17.1633525976	7.19695745401	1.25328291038	1.7518849723	0.105860860106	1.21612739468	55.190784769	34.7884959145
bin.14	0.0750329136968	0.0	9.02485881646	0.0868631891131	0.0913848263285	0.523110122032	0.0470326675491	8.78766030836	0.0755712017733	0.0715725552879	17.3017149589	0.0872697940581	0.0776452664278	0.214240628302	0.0622064975419	0.121163072804	0.0786114641657
bin.248	8.14801981149	0.00673736959285	0.00746606523842	0.005392105669	9.91744847578	0.00811715897167	0.0	0.00745661925659	10.9636753317	0.362476918997	0.0591258130212	9.2872617687	6.84854569256	0.00282930582218	11.4639170155	0.00923685947711	0.00929894349176
bin.250	4.47531086732	0.0047270546837	0.00623785237198	0.00785938731109	7.83797553248	0.0139508274925	0.000633766392779	0.00538296107333	4.7045098433	1.09635379495	0.026339196684	4.81267674818	6.47345778889	0.00345220969861	5.67344445744	0.0122052314547	0.0330075298152
bin.43	0.104601756586	0.00276052393053	18.0178592021	0.820744614234	0.21347981414	16.7655265125	0.00105642139579	22.9595711462	0.093830329487	0.634124588468	6.97924144107	0.0959639468074	0.253751226154	0.0359863270998	0.115273603385	2.8258961403	0.865080341796
bin.34	0.100480284024	0.0	12.7052991136	0.285967780305	0.0478480266046	2.74257955986	0.00399058993472	14.0044705389	0.0626933709423	0.205204656748	9.32844573837	0.073893438849	0.0976456912622	0.0396336739864	0.0663571574455	0.361285028281	0.281984300676
bin.13	0.064412822865	0.0	5.22451053153	0.0415037659597	0.0281788835132	0.635254785912	0.0	4.8256729446	0.0666519383613	0.0475293809465	22.0590433873	0.136136325175	0.0332668257412	0.126222174364	0.112179574586	0.0581367303593	0.0465350596958
bin.188	7.89956830613	0.00652610652171	0.0202256978806	0.0471393032492	3.98597348265	0.0544013829987	0.0	0.0235875831846	7.3781431519	0.0669428231643	0.131294787451	8.05641304521	0.77559281709	0.0	7.74575149257	0.0399579961078	0.0552264258038
bin.189	1.51821484149	0.00639465694012	0.209128259182	1.77424472537	2.47219394279	27.5646715617	0.0	0.489726430237	1.47073217991	0.755570231794	0.0238285220727	1.62828493117	2.85481057113	0.00692106285916	1.64116210587	1.32410096692	1.3071139233
bin.160	34.8794549961	0.00580960418126	0.0159803849957	0.0373127314182	26.6795312074	0.0101224988803	0.00488782889602	0.0137026959629	37.1580537642	0.987007381679	0.110414002482	36.7713658407	7.63197392551	0.0	39.4982187535	0.0109938872389	0.332478958326
bin.37	0.174959560924	0.00235187045184	24.233246927	0.793125720382	0.190246324815	1.55059413614	0.00551690450816	26.0171375619	0.183900762385	0.598636461173	9.71569313926	0.181783650506	0.196905535571	0.937693103202	0.188222717688	1.00268474575	0.742373031576
bin.145	0.91902802107	0.0	0.708355236083	1.92469914289	1.27906241721	10.9027435481	0.00162679629558	0.677643581249	1.13441571522	10.6324637416	0.887205474788	1.08892406303	2.00029411956	0.0167115245074	1.23848629165	3.54854703762	1.48125928165
bin.239	7.19749066716	0.0	0.0103277104595	0.0195354826804	6.02180702664	0.0403497276368	0.0	0.0145736317086	6.414500694	0.11177688687	0.0687649063396	7.13501188298	2.53071048434	0.00160064721217	7.05144541874	0.0157664673245	0.0427147329062
bin.32	0.116052531867	0.0	10.7373273463	0.418257060985	0.132186699196	1.20453760251	0.00298152009487	9.94448630734	0.124909497774	0.351232591628	9.02344935702	0.12067613049	0.142732875586	0.0689040277964	0.119819637714	0.908590074903	0.336470404266
bin.81	2.29040436953	0.00682173172491	2.21037192168	3.9617944416	3.43456332185	5.12235957777	0.0	2.01831675228	3.69968453109	5.68499238803	2.65476728031	2.77494968809	2.62595943958	0.0	3.37837099607	5.63966040256	4.36958868499
bin.149	1.10123570241	0.0	0.635335839747	2.95914207789	1.72638550046	1.19856339734	0.0	0.643787652491	1.79731423416	7.26325864982	0.440951376666	1.37723630702	2.47794882089	0.0	1.68437930842	2.24986320227	3.53648175673
bin.114	0.017336513394	0.0	0.371710934603	4.46477252815	0.0313545320246	2.01118714201	0.0	0.288303190177	0.0163172098713	0.176307994477	0.387799174265	0.0168101029142	0.0270503049267	0.0	0.0182172020468	19.1474855232	2.45337673886
bin.255	3.29834355179	0.00871616738851	0.00701922965896	0.0427985352861	58.222945902	0.0178634672179	0.0	0.00604633911935	4.4081714074	26.7265175611	0.064951846119	3.9425480976	117.877936017	0.0	5.30887949252	0.0149974604742	1.16995336105
bin.83	0.19918424053	0.00138327037739	0.450229958125	2.76492021573	0.208283632225	21.2823268847	0.000592293653058	0.593011210777	0.180669274292	0.41132731797	0.588333445454	0.190828239843	0.309169532062	0.0354190893708	0.183353243826	5.27950139169	0.753467828978
bin.62	8.09730956661	0.0	7.95507637934	32.2972992737	14.118441421	58.7602825253	0.0069591087806	7.71860378765	12.5656597344	33.2634184209	3.65896186424	10.061379143	13.6056175491	0.0252137612563	12.0097763313	45.5864460634	32.9389334236
bin.177	0.269378973416	0.0	0.17277494545	0.50440750162	1.26221687651	0.412331562931	0.0	0.180936895378	0.358535726405	8.76061470391	0.195539547157	0.292879986236	5.27867885314	0.00604989837741	0.354163047366	0.384696666003	1.05651137293
bin.8	3.28795020312	0.00660045851451	82.9807361679	6.40162184472	3.27625205445	7.84822729283	0.012717405388	75.6883379085	4.40241931735	4.20979903552	33.1057596969	3.67337092239	1.76820977692	0.0209291597462	4.14779353808	6.87168809605	5.9094687549
bin.148	8.63627262199	0.00535039069264	0.017248531908	0.0297859327922	13.2150117509	0.0288148312071	0.0	0.0300688582019	11.1923850464	0.393316436799	0.171180870063	10.4002486372	6.3860660579	0.0113092879406	11.7114538961	0.03614674127	0.0650608191203
bin.53	2.10706813805	0.00729863697053	9.11840518067	10.7554551111	4.91225744677	20.294688361	0.00543892302592	7.5222882647	2.85421240002	16.757092438	4.97914877276	2.46549005486	6.93970326019	0.00999809348273	2.65181520493	9.45326917088	10.3106616334
bin.96	0.0553212829806	0.0240265978324	0.0682860481221	0.0478435654017	0.041867856633	0.0806166198534	0.0184024949893	0.0752627487723	0.0502212901009	0.0330191616813	0.127340662162	0.0568657181267	0.0458263029277	179.495615157	0.0480168930764	0.0402571144687	0.0480521144989
bin.138	0.411206913726	0.0	0.250558292449	6.97293444084	1.28705893856	1.00522655058	0.00229841082215	0.312727062531	0.571168877826	6.19064398918	0.2866387702	0.472757235506	3.21441781872	0.0148407001321	0.538735720432	5.39710214627	4.58190366657
bin.12	2.78755604219	0.0	44.4747338987	5.71718601384	3.88789828107	4.17797379884	0.00584746788879	42.5849234875	3.94568842923	8.86820103015	23.037744587	3.19543677524	2.96590133256	0.0360912633419	3.9507938247	5.21730420157	8.65859589893
bin.1	4.86391006952	0.419451245113	108.887288867	31.7400173233	7.1172702451	31.2179767732	0.299189717159	103.74525737	6.73348121838	20.5985636507	57.9850493949	5.48506818215	7.78762663437	0.808053606753	6.50243607167	35.7619346639	28.5265687371
bin.129	8.47454689195	0.00670821406577	0.0993705902084	0.0912799172779	17.1588522336	0.178288705103	0.0	0.102844318849	11.0092082255	0.85839692084	0.326109650004	10.3502591681	13.5606855393	0.056347139251	11.7089103547	0.120088551592	0.134573185502
bin.45	1.78232579716	0.0953191685246	0.300714469041	376.469167202	3.72684224292	0.493179498112	0.0788061196528	0.342068286976	0.876872498981	74.6895782889	6.45787767505	1.0847792382	7.97828940042	0.0	1.05471415471	38.0291973643	571.925564666
bin.225	0.959705000984	0.0	0.0192431935549	0.0825431709995	12.2294171827	0.0429393163348	0.00328371409322	0.0229010378239	1.61943255995	36.800207331	0.0368745087605	1.12257367228	48.2090694315	0.0105728359304	1.74236551369	0.0464372031283	1.96268665483
bin.141	14.7574732294	0.0	0.0115490959276	0.00392724725497	23.1616549334	0.015479011811	0.0	0.00913136488038	20.5746121445	0.935862224023	0.169140091788	19.2546747184	11.3227636819	0.0183601780325	20.9693995161	0.0101343488311	0.0274621396877
bin.26	0.0880632453198	0.0	21.2654046786	0.0746181467434	0.0829667853492	0.438101504088	0.00372946737039	20.8644463087	0.0757153580678	0.0813454158333	9.61487902559	0.0825785790809	0.0564759494456	0.0	0.0883722594617	0.162274727863	0.0947369198816
bin.156	0.0813209163533	0.0	0.345325424656	4.37532295325	0.187113510831	0.824289285711	0.0	0.476654061646	0.152629128141	4.63018221343	0.330455359491	0.115357047282	0.529127868913	0.0	0.137187058049	1.76383077096	6.53696558841
bin.19	0.29558296657	0.0	17.5877035841	0.736699090906	0.239609596843	0.857896027846	0.00307462500677	16.3907494614	0.328369535618	0.478586471751	14.0589555983	0.283268954464	0.161574709762	0.00177060622676	0.296712437292	0.92173694237	0.61620909386
bin.205	0.586949228269	0.0	0.0535111242473	0.14853671271	3.86483000779	0.0997984766755	0.0	0.0607534339616	0.900834390931	4.77214122714	0.189502945118	0.717265852748	10.7114940906	0.0	0.830340533742	0.0774034258216	1.18308706913
bin.143	2.31346264831	0.00116171512979	0.312715569477	2.54715271361	3.21131569406	0.499831826395	0.00181044794819	0.30622070856	3.20578876616	7.05587969084	1.45777922126	2.81179009562	2.63289759569	0.0	3.14925405459	1.23768911537	5.01401577384
bin.119	1.23029606388	0.0	0.134463648058	0.177648601802	4.18703862031	0.509137625665	0.0	0.149249078854	1.18974208957	1.23040654639	0.326230784965	1.27976782462	8.16310081947	0.0282735041227	1.29430815845	0.0945125199171	0.237178655584
bin.134	0.311578278544	0.0	1.37657719605	5.91724607415	0.713072162935	4.24341101476	0.0	1.54314387071	0.403946188924	4.44684801098	0.926786485754	0.365234257224	0.986642685413	0.0206333595248	0.45147002269	9.40941137042	4.4487892755
bin.84	0.0628552273477	0.0	0.206641594402	1.40572388766	0.086093068396	50.1135017954	0.0	0.349306772677	0.0462385440441	0.348994382492	0.148613847713	0.0545303025364	0.127116245198	0.0231458145306	0.0524527501396	4.38221587204	0.676075044106
bin.74	0.349680206363	0.0	1.0475207938	6.75405807892	0.707594022033	3.4061205378	0.0101475253985	1.07298441473	0.442514399856	2.97303657274	1.24696730826	0.495845222465	1.25972656831	0.095790106568	0.473151961535	3.90181494797	3.61405884371
bin.108	0.340026819424	0.0	0.988376863534	8.3032828591	0.40698989716	0.901224980913	0.00719867844743	1.05866590692	0.311171573141	2.30461571599	0.909250873402	0.358934913347	0.693006292976	0.008186446421	0.297305041382	2.06335702588	7.78854877716
bin.155	0.182010648489	0.0	0.518494561803	6.9104285694	0.61885529105	2.35350193149	0.0	0.605796351999	0.301310512587	3.19352260937	0.753697280148	0.196483260807	1.38134465398	0.0	0.20575264986	2.40921449961	7.15542575789
bin.24	0.299214372446	0.0	17.9088133893	1.89244211319	0.197195112567	2.13972959309	0.00222096410658	17.0347531191	0.256119220168	0.906938118876	13.3375515225	0.286923917188	0.190236061197	0.0328131066872	0.240172450895	1.941628365	1.52186375604
bin.10	2.4539792453	0.0	45.2630621325	12.9643117791	3.57490623393	9.12043904031	0.0100399559168	45.050283097	3.4371739066	11.9390661203	23.3420889613	2.92593951076	3.40326484857	0.864079724482	3.48630838162	11.9748409768	14.5579430865
bin.229	5.07365038819	11.0686015844	0.0290166529575	0.448938351094	3.16341103698	0.0678931693862	13.4301780227	0.0323941323041	7.11450949617	2.55531109073	0.126256245096	5.86506500404	1.83091653908	0.0482501858618	7.05205417872	0.0729797708078	2.73061582978
bin.222	0.145069383654	0.0	1.2815078256	16.9617615189	0.324316358136	2.10834760458	0.00303297996609	1.22847819188	0.237736176677	5.18073463452	0.278160881611	0.184522153544	0.759257093104	0.0121763146669	0.204248221729	15.6351082772	11.2407182446
bin.161	31.3815707285	0.00282230231637	0.0315987671288	0.00833297904898	1.10838517208	0.0300110284776	0.00115235542008	0.0481567735336	20.7258093838	0.0272531628675	0.264271339358	22.7195111689	0.124126397309	0.0	16.9918392831	0.0371397070862	0.0181385726701
bin.82	19.7774042185	0.0119734731195	0.0663712996925	0.0503594907088	23.5205674021	0.077398481074	0.0012969372255	0.0786583309315	24.266471909	2.09625814152	0.280293910399	24.2554480475	21.7759974629	0.0386975754995	25.0365131837	0.0437726973984	0.108909948089
bin.90	52.313800595	0.00788026831014	0.0247869641585	0.0106878378963	2.25561309347	0.0193897718164	0.00151786578222	0.0345574287769	20.3674812216	0.0349573015494	0.786006375847	29.137811612	0.141513890772	0.000926595846461	15.0372092603	0.0156760110706	0.0265035334007
bin.63	0.582265470358	0.0	1.32411629102	5.11711696319	0.894244549744	5.19718745368	0.0	1.19602552228	0.676791267883	3.33084955537	2.20494455572	0.644447545134	1.51895810744	0.064646468672	0.69189644367	3.3415338267	3.95043522939
bin.42	0.0874785000341	0.0	34.1630706155	0.0864474280241	0.0762389453997	1.03588683819	0.00159196413968	31.0739734326	0.0807120175999	0.0979893120538	6.45157549564	0.0752535027855	0.0902458507565	0.047545475285	0.0723189916882	0.115052261227	0.0810747066856
bin.80	0.284898831755	0.0	1.79115966214	6.8531190521	0.478133533532	3.11891291299	0.0	2.1774722981	0.317751928966	2.28471084706	0.910342970581	0.273484485549	0.592951527462	0.0102101886001	0.295012663869	10.8131319488	4.58666381512
bin.3	0.0305197881836	0.0	4.74121777071	0.130103579633	0.0437352855909	11.3348153288	0.00381964968078	7.61091901436	0.0251826642846	0.0739620555684	42.5434942214	0.0225322198909	0.0309306413282	0.00664976103188	0.017484243475	9.77063179194	0.154106706153
bin.241	6.38097902138	0.0038820359777	0.0135343345363	0.0124315748098	13.3278243436	0.0154873024291	0.0	0.0117889924831	9.20145323307	4.91826090864	0.0508506053577	7.66667043093	20.428720169	0.00269728171867	10.1459343603	0.0162133372889	0.057705340341
bin.68	0.427526656546	0.0	1.58640604932	4.41201033158	0.614440778177	11.3740164964	0.0	1.62236629717	0.438034491518	3.29486846859	2.09781292511	0.417520540786	1.10024476933	0.020972139713	0.479462263172	4.50734567878	2.90044070668
bin.0	0.123428343963	0.0	3.72658017165	0.683035426141	0.0728899871887	1.29268480151	0.00405121836762	3.18884135529	0.0862363646684	0.360083239734	64.8049693104	0.09586374405	0.0743739923246	0.0328392112728	0.097141941361	0.159424504041	0.838980257328
bin.173	6.62515630651	0.0	0.0473337315697	0.0968934073138	8.04379545168	0.0518797136768	0.0	0.0481611837178	6.43490476623	0.592077886882	0.0671797177461	6.79886832987	4.08589436146	3.568470668	6.88467634684	0.0570789831536	0.275522366609
bin.186	0.167445717696	0.0	1.19049121819	9.72777755775	0.145844297611	2.69156154325	0.0019287705542	1.03065851725	0.177105523017	1.43960518999	0.421875537898	0.174700802663	0.255966435504	0.0231281841859	0.148925582964	14.4169114945	5.07232012926
bin.38	0.0304031447733	0.00255631515218	15.0414772186	0.0462471975384	0.0270595651527	1.20701240714	0.0	16.343415249	0.0309277169937	0.0495827432613	6.81428935891	0.0278811079463	0.0334070677214	0.00747213451168	0.0283433664048	0.0764104589292	0.0438892166837
bin.33	0.118024259234	0.0	14.1541499541	0.237528247279	0.0720783192604	2.99554410558	0.00354469842043	15.1840703394	0.0847560871208	0.168676697363	11.975154784	0.0953711753486	0.0983465110189	0.0944048872342	0.078851677687	0.241635549933	0.257368437325
bin.56	0.132418501526	19.3605947981	0.909143468219	0.206207510315	0.108997877636	0.718930764288	18.8916435327	1.16981332182	0.191268935998	0.623094504576	3.78694524959	0.112756215444	0.0923453378284	362.238867995	0.0507768815556	0.579501709232	0.251089428274
bin.232	4.83792435339	0.00579505853946	0.0223809366404	0.02368947122	16.7059087077	0.0341074168254	0.000729296819582	0.0259326928808	5.89093133801	50.6262748953	0.110002107621	5.93479442279	23.9954026781	0.0081772181079	7.52354134183	0.0183058738004	0.0551469692867
bin.230	0.296810835825	0.0	0.0565009438793	33.4847978833	0.346084800186	0.0737562840992	0.0	0.0651855440232	0.21797837643	17.1040494915	0.138998037164	0.218452731735	1.11781147537	0.0173996279762	0.197471677616	9.66233927006	55.4311500411
bin.203	13.0072370378	0.00561655905047	0.0646913693607	0.0832425611661	21.605779468	1.96213440931	0.00139139622254	0.0678537092871	18.7355704163	19.9945611455	0.280583080702	16.3291489576	35.2369624001	0.00621371817952	19.708489219	0.122494483722	0.711078485825
bin.21	0.0835201918201	0.0	18.1057267828	0.0758927914168	0.0596368206172	0.675725179907	0.0	17.1205898392	0.0815763673873	0.0923653862363	14.3313188753	0.0665930681915	0.0304321391319	0.0249255536434	0.0720888145627	0.0638065626874	0.0798234718291
bin.191	27.6052209926	0.00706351720468	0.0227316677873	0.0144864400083	44.2733024921	0.0222638147257	0.00131548402711	0.0267451502135	35.8554998467	0.475780709682	0.169075890259	30.7624292905	16.5420782014	0.00325769957037	41.9045432816	0.0272133799343	0.0215644318783
bin.251	8.11885613514	12.0519064757	0.0352635115306	0.0273257424063	2.08390691661	0.0332852091714	12.9665144299	0.0436718343154	11.3812772864	0.0418750279595	0.104993417193	9.12128491336	0.259897085487	0.00882569138054	7.91944906456	0.0280155623536	0.0347676225414
bin.216	0.996370420446	0.0	0.127605234067	4.2255556299	2.28389660249	0.387112832703	0.0	0.121367886692	1.38089091582	7.08146976746	0.253893495346	1.19881924556	2.93733422874	0.00769113630462	1.28806041238	2.10636976046	7.41283416914
bin.44	1.27029583699	0.0	9.08298961005	4.00735172694	1.69430101055	2.65234404691	0.00141919324104	8.74020214355	1.94011626835	4.11806787307	8.03218221337	1.48397046294	1.24392638323	0.00819034207098	1.76856212684	3.39335665163	4.47161104545
bin.97	0.372737298119	0.0	0.877167976341	5.59477151092	0.907532576609	2.42215675832	0.0	0.962816291491	0.467542418939	5.2604156301	0.718826625886	0.383048022642	2.2679036009	0.00415011697932	0.452953576488	5.72975459481	5.19779466518
bin.41	0.173674254223	3.06340445612	5.75630442382	4.2185008874	0.426953533102	14.4453304042	2.98106818961	7.54679402868	0.130066596094	1.65766777871	9.4593976445	0.157503588541	0.598729662949	0.286040149953	0.161390998978	16.9985505563	3.09320982848
bin.146	76.9404539216	0.153784020543	0.0331480368571	0.0236126798078	13.7570833172	0.0320426326037	0.145982336745	0.034100922615	36.7283698283	0.0485575865061	0.336510585487	60.3707134566	0.798185817685	0.0195499302177	38.53282848	0.0278250395364	0.0426824848729
bin.184	0.113121444802	0.0	0.053501378141	7.95926849642	0.187984883215	0.128265736169	0.000814488839881	0.0538502168735	0.0930766627851	2.42659572514	0.0868279488302	0.0952073014886	0.516640100004	0.0167122175827	0.0985303935435	0.634538689671	8.33300298717
bin.224	2.20059260941	0.00316624770767	0.341049121199	0.33246680006	6.62003373911	0.479132246023	0.00134627039966	0.291460855285	3.82258506538	4.43415263342	0.37129706398	3.01462755196	8.83590519141	0.00441922519744	3.54109016187	0.341983167422	0.821888901755
bin.137	0.682762314715	0.0	1.68142980783	4.99508614873	0.783954187204	1.403804758	0.0	1.61593298923	1.00937319041	3.37728835394	1.86570271337	0.808600743281	0.645128342811	0.0	0.956762525558	6.08218753056	4.00618263758
bin.238	9.26271195341	0.0	0.0079144651096	0.0168821480709	3.11533423884	0.0118013656806	0.00418686265255	0.0103620791544	10.5098016554	0.125221352829	0.0479272418571	9.13427178484	0.463365408952	0.0	10.0546832248	0.0116480165512	0.0353626046637
bin.245	4.9689454385	0.0	0.0102632345795	0.00341652701545	4.58217058734	0.00976041147004	0.0	0.00780396987248	6.64609597787	0.285098203768	0.0520186198559	5.45060528733	2.98000136317	0.00152551965949	6.69738792122	0.00642390098118	0.0133674335136
bin.172	11.5975271382	0.0111730585922	0.0690889574525	0.0544230321754	10.2483789408	0.072669102737	0.0	0.0619914373435	12.2160149119	0.310659744976	0.2494652729	12.8980805514	3.60046560846	0.0421949615555	13.9985476066	0.0592014163042	0.0975608559595
bin.124	0.19004428815	0.0	0.4761477907	4.79201474896	0.247612964158	0.522375476769	0.0	0.531309092931	0.205725559738	2.29454776938	0.747005278348	0.213686826761	0.379265628463	0.597353099949	0.190383941114	3.95958733323	4.37384344698
bin.200	20.2915415633	0.0071919749653	0.0213640895807	0.0105525607679	1.27240993392	0.020738406988	0.000659258368819	0.0184453008651	12.5395930224	0.0330247630958	0.199076764598	14.2689177504	0.219577917933	0.0190764644156	11.5426867085	0.0180235445538	0.0178001395169
bin.153	0.162648354576	0.0	0.994443513343	5.62439169669	0.34897125825	2.82131771648	0.00106732106587	1.09139193255	0.188111503642	2.72878852324	0.684722412195	0.170935641033	0.606913845987	0.00838263517859	0.216552779772	7.70350671728	4.6645478955
bin.48	0.728234143904	0.0	0.489701423574	20.6043160686	0.367700730763	0.677753552094	0.00213760139766	0.537105800543	0.488474738877	9.77184956006	8.04407038574	0.653941978246	0.456032255605	0.00577066879978	0.581354371381	1.86310079642	27.6228937912
bin.247	4.14790386683	0.00453354854483	0.0195695185159	0.411845197516	4.50612676961	0.0692904081535	0.0	0.024552038032	5.62052920046	10.3502104862	0.109674476369	4.78277628743	4.47430742519	0.00648165098075	6.00734295695	0.0510206386617	4.61822329035
bin.93	32.3241760528	0.0201925050156	0.26188693416	0.228083133861	71.1522179822	1.32739773312	0.00607658256367	0.247072672589	47.8678770463	55.8851318676	0.835479579062	44.8010142322	104.787768791	0.060990232578	42.9714536337	0.340017140397	0.446936042582
bin.169	22.623647652	0.0401220506869	0.604042339061	0.949107733325	52.2851050021	1.09348601168	0.00673217097358	0.542285038803	39.8293475555	19.6196584233	0.697797936997	29.4806230346	69.7460326712	0.0284723481385	36.2652487123	0.935795095689	2.07582875318
bin.29	0.18360801527	0.0	25.9439478658	0.23263795449	0.0763550819851	2.04927818441	0.0051880442046	27.57406885	0.104201307626	0.191020960499	9.2979067397	0.120633658045	0.0922720433784	0.00968092094574	0.103136053184	0.329750724304	0.238046402796
bin.252	0.272371722961	0.0	0.107150421287	8.86155607373	0.449875277602	0.20328502292	0.00406822383649	0.133391180486	0.193517862703	8.44733544458	0.143320056244	0.229043384057	0.99842257167	0.0	0.21586166691	1.87413115075	21.8160249247
bin.193	7.13085983524	0.0115162934847	0.247912638454	0.233090698153	10.0649877681	0.116813551607	0.0	0.333460045525	7.02531229489	1.86162104999	0.393529426157	7.41424594911	5.40946612991	0.01007821592	8.29113556603	0.16467842228	0.56694962728
bin.112	5.51937574184	0.0	0.106637748389	0.140114307926	9.20141121596	1.02118661316	0.00273385163295	0.0975241418297	7.23555057645	5.86954930243	0.336315257749	7.00992313524	16.3979652762	0.0536596063882	7.1667761269	0.674750757265	0.161777191954
bin.78	0.17136489179	0.0	0.473618470123	4.47846279324	0.334369137451	2.43822016362	0.0	0.471755232141	0.192750213255	2.82136771695	0.695986092804	0.192764898457	0.933569758023	0.239346291426	0.189186136455	2.40883759615	5.89517878761
bin.179	12.0270549181	0.0	0.00645667288011	0.0126615802199	8.05080945511	0.0106357360027	0.0	0.0103570896582	14.0245424259	0.705242203716	0.0735791623194	13.5060206103	3.75062619112	0.0123391553993	14.8693945295	0.0168887953414	0.0918076316131
bin.181	1.43422419196	0.00526597425039	0.127120500309	0.389436325201	5.17054175513	0.747555751802	0.00169874293419	0.146261433849	2.13564432813	9.61083206045	0.30434364553	1.65126128053	9.45470131934	0.0269171443805	2.15847221039	0.272974050205	1.54134935
bin.122	0.605548737418	0.0	0.419682131005	5.08007151617	0.850277518521	1.15525122737	0.0	0.431364103189	0.521084970862	1.68386270474	0.570326568613	0.565182775239	1.16957812232	0.0371047481262	0.623785243889	2.19896325968	4.1660327588
bin.110	6.28875409155	0.0	0.0516031422966	0.0612059868359	3.6423075619	0.116708066035	0.00887743684338	0.0667079096517	6.09979159254	0.259144510764	0.258381053015	6.64655372998	2.47497678096	0.0449345116732	6.07835030097	0.0453903411622	0.0981624732495
bin.117	3.23894535662	0.00610626481788	0.115187610335	0.133549540648	7.45576697154	0.206619007411	0.00100071969026	0.106707873046	4.57490317818	8.66616042766	0.287766557941	4.33227512832	12.5127723967	0.0194685869395	4.25741743909	0.182492886749	0.178191953088
bin.210	1.33291027139	0.0	0.151966207345	0.672636406012	3.45175926494	0.269394260141	0.00256342707605	0.136661709202	1.52532331164	5.69126342514	0.182538464618	1.40291528537	5.56466704602	0.00671432626473	1.46392058296	0.263277633852	1.96663648718
bin.61	1.26071259226	0.0	2.08005108627	0.692451229686	2.07817237506	3.12349683445	0.0	2.07037819033	1.49665319863	0.955749301946	1.82296491385	1.45417616633	2.96519790355	0.101259681623	1.37626291072	0.806325197096	0.641723193762
bin.66	3.12335322538	0.0	0.251466917497	1.27768854867	4.80542000003	0.555790053917	0.0	0.312502766406	2.7764661496	5.73251641111	1.17653020664	3.10548275241	7.13051268211	0.00551566633925	3.23788839663	0.760641954131	2.22937582647
bin.73	0.376723135512	0.0	1.77332105973	4.35924314488	0.519327103938	5.36557816238	0.0	1.85870143523	0.491242030404	2.01627127933	1.80118899578	0.428155409954	0.836959778373	0.09562027051	0.460654528171	4.60426677109	2.19774053696
bin.86	6.51802666651	3.9152140146	2.6242893487	20.7212137781	25.5201809248	6.77054182459	4.87996017004	2.48650594323	11.4169664706	70.6580201515	2.50158020724	8.69911821437	44.3482209316	0.22345875672	10.6104071346	22.8247660457	30.5320479776
bin.76	17.9111736701	0.00734231428431	0.144088595263	0.199599444286	29.362974173	1.87713057929	0.00197376720433	0.139026457862	22.6699776309	14.9223242575	0.794453918407	22.1763645535	35.9935320046	0.0891398299073	22.9227524449	0.559837135271	0.326495223466
bin.9	0.0544755782263	0.0	6.60570199317	0.308605366992	0.0827647675348	0.943645424059	0.0	7.31116998641	0.0751141484723	0.291558723196	23.7507178104	0.0639747480803	0.102974078218	0.0	0.0647778378647	0.759925429404	0.261776997662
bin.240	7.11397815518	0.0	0.0116739872864	0.00606569607329	12.7150546842	0.0115278659996	0.0	0.0111574256053	8.33053506784	0.76165722592	0.0476343313532	8.16597639752	9.08678389264	0.00584062473027	8.54912724788	0.011746234146	0.0180805085826
bin.139	7.19060466851	0.0	0.018336430199	0.0850860020274	5.1834697345	0.0406951122256	0.0	0.0284684571575	5.79112479016	0.554915599448	0.0436555543237	6.44652934693	2.59143426112	5.78512770706	6.06725218136	0.0438359496584	0.193309503068
bin.183	10.2451445823	0.0	0.00970415109178	0.00583002584571	4.94003528954	0.0284700156294	0.0	0.0068046190556	11.2316728217	0.0250607252681	0.108268015388	11.3474517171	0.835601022468	0.0	10.4902437794	0.0169496808796	0.0310989415723
bin.36	0.0565815344077	0.0	44.2957686403	0.0683238635202	0.0321367463978	0.923845108937	0.00523947642957	41.3394755735	0.0501414495047	0.0774920207145	7.34090467401	0.0580977609656	0.0483929681533	0.0120474093506	0.0355275005903	0.10679152203	0.0790163578054
bin.120	0.203015033205	0.0	0.391300738106	7.48264440328	0.546295095072	0.488550189149	0.0	0.459853725871	0.213191624159	3.64667192476	1.0577401189	0.222427710147	1.16985703827	0.0100416182426	0.220263220806	1.43955913708	9.80474915676
bin.136	1.23719597163	0.0	0.905477443021	20.009649473	1.1551461441	2.83470007027	0.00146753914953	0.891385974243	1.59531617419	4.948835232	0.72847582252	1.51664323815	1.21993136422	0.0129006179613	1.43114693189	17.4202235648	10.3061066585
bin.207	7.66843800083	0.00317142003683	0.0190045991658	0.0244902011427	22.1653149068	0.0530005179044	0.00173767538185	0.0222091683148	6.00853728538	5.79337030698	0.0847769945457	7.75451662494	26.3538543937	0.0023731269268	7.03810497344	0.0144335711305	0.0422653536583
bin.211	0.143500869499	0.00200868129565	0.215626491119	4.48805657425	0.165275837871	1.19609532254	0.0	0.24070476596	0.111575699331	0.873885291324	0.297175058321	0.136379547303	0.252662892262	0.0027867615143	0.145652534555	6.67888243995	6.21560707322
bin.27	2.04203689277	0.00737798176227	1.44805318769	84.1940024604	1.12145389641	2.4310949391	0.00280381542714	1.63374337031	1.41684807591	36.9230180502	23.5193792755	1.9457023108	1.48151304933	0.054344516781	1.66043376191	5.37159102892	96.3494506332
bin.15	0.335612708489	0.0	7.38859780433	0.640864530852	0.264428065808	1.8125389353	0.00581516867247	7.76790852548	0.320233632081	0.515082852847	16.9420056893	0.257034084414	0.204870329561	0.0102358156936	0.295550332282	0.664012466055	0.639044136672
bin.246	6.48936657503	0.0035570994669	0.0098692286348	0.0861069859201	10.0056849122	0.0813031392649	0.0	0.00743846579226	7.32908497276	3.35992607651	0.0792597962367	6.9168304891	10.212005202	0.0	7.76953516749	0.0443017144653	0.3842439584
bin.147	0.165629562806	0.0	0.370790999474	5.30086269042	0.311293894254	1.13094207664	0.0	0.52481882614	0.193256372011	2.30954628209	0.341873306318	0.226014427281	0.529247606521	0.0	0.261210824492	2.84700311908	5.36326170832
bin.140	0.0622796820445	0.0	0.40627707713	8.54230380746	0.106795194765	0.668765142844	0.0	0.411027861363	0.0586253230463	1.52413182177	1.46043418053	0.0715531424956	0.251687826998	0.0219357064546	0.0611688653776	4.90926578303	6.20853219055
bin.17	0.176290524525	0.0	7.98630385798	0.443334716025	0.178747839093	0.919934698529	0.0	7.89953058074	0.513548050001	0.389328209762	18.1353087221	0.290985729501	0.101406760147	0.0	0.364595485955	0.501822637642	0.358257545528
bin.49	0.59906618381	0.0	15.260223763	2.6455759987	0.997559863381	5.99109872204	0.0	12.3875005055	0.711324382993	4.01593351965	6.47364818463	0.63525278644	1.19385479153	0.0799280243633	0.636311994538	11.6197508756	1.89516019114
bin.254	0.875675653654	0.0	0.0344970103286	39.3028453096	1.485256069	0.0452272218369	0.00278131071426	0.0292910025594	0.46419939394	43.0520785447	0.088069805258	0.596280514729	3.04226979677	0.00499957604388	0.490879474237	3.69476083427	89.7792082558
bin.244	0.185997288615	0.00139460160745	0.106537393629	1.25386106406	0.172764603833	22.6566458788	0.0	0.144084069024	0.111179789781	2.27482246687	0.0693289230966	0.140036657728	0.440180243799	0.00888990269574	0.118453364387	3.34457340452	2.3005885136
bin.196	9.4853374242	0.0	0.021418721877	0.0101663892748	4.28969296709	0.0145826731082	0.0	0.0280829230505	10.1608389974	0.0191023512911	0.0840981682611	10.3706909017	0.731820459972	0.0	9.9762242819	0.00785678832911	0.0189605626349
bin.40	0.742417804957	0.0	5.60496419416	19.0277787289	1.37358161938	7.31734122512	0.0	6.6491419292	0.763756922508	15.4526603933	9.70449660874	0.7732678524	2.77274380222	0.0135592750707	0.926515073448	15.8018973235	24.9494420041
bin.195	10.0628367962	0.00422452296057	0.015197149918	0.0197779518535	5.12487131478	0.0320872954888	0.0	0.0194982987781	9.69157174768	0.0672397647916	0.133335814489	10.1792412874	1.32387695881	0.00613956333712	9.40108467183	0.01549759584	0.0407057929979
bin.118	1.45267508425	0.0	5.24734310564	7.82351582417	2.19541310703	4.61061107006	0.00293844112278	5.06464045097	2.44869854488	5.93414915831	3.12302128108	1.82260397181	1.93329562427	0.012342726553	2.20856508977	6.55304766106	7.27613752095
bin.109	0.885936715873	0.0	1.19117923758	2.57883800601	1.49557204174	2.44347980624	0.0	1.06799169208	1.23153541264	2.90170250846	1.00586884054	1.07591382808	1.45206428479	0.0	1.05087588688	2.65714263587	3.07954561509
bin.221	0.0626464285496	8345.66795277	0.0538072588517	0.0193375932624	0.0280791372988	0.0270988525756	8118.2420391	0.0301506657755	0.0535650305865	0.0266489993685	0.0935553252829	0.129523780727	0.0191567799332	581.061220548	0.0596471736863	0.0159853203468	0.0211296823345
bin.103	0.401801329958	0.0060211137172	0.167167117852	6.62480029623	1.02172081357	0.81963660131	0.00120603110389	0.222737401775	0.369675809286	4.50394884763	0.342994376207	0.420986020724	2.35811323833	0.0156419629123	0.437159337159	0.529954159811	7.31925234467
bin.104	1.61366437315	0.0	2.81761306711	8.43971682666	1.66337674915	1.36873001396	0.0	2.62961167391	2.34414048947	3.38183237402	1.57332164516	1.96251905443	1.06214008036	0.0124566761112	2.24586373723	12.5954674988	4.7837910316
bin.152	4.75429205304	0.00753339341057	0.0569449510518	0.0763451723405	5.40400915772	0.237937327122	0.0	0.0566240177077	5.9049874945	0.97932943393	0.179157051035	5.7882714547	5.43769012207	0.0476860179409	5.65275421918	0.0936543394621	0.101639867362
bin.106	0.259374275116	0.00178445124259	0.12499634075	26.2610410728	0.755018052382	0.662659975873	0.00154667344363	0.152746314187	0.242408117502	7.94278085253	0.184337257428	0.285841242483	1.43124192708	0.0203074229739	0.304149776873	4.7464329132	29.8052244608
bin.79	0.472812469181	0.0	4.02890239891	32.0433420963	0.70615804891	3.84651943722	0.0	3.87869662373	0.577045901337	9.82375641526	1.45312510207	0.585699830844	1.38193004688	0.01079738835	0.556560602758	26.9315660807	21.1761951479
bin.18	0.210506109351	0.0	11.8820474345	0.547464644521	0.268514795299	1.14479467407	0.00058402769113	10.9410523528	0.264999826283	0.636797419353	19.5557084442	0.246790796095	0.258231531219	0.02396842103	0.283357049899	0.787445527833	0.49604745589
bin.164	0.354931049827	0.0	1.65439851414	4.32469431685	0.568616146405	4.29240750537	0.0	1.44432873186	0.631205650755	2.56808557896	0.955097514404	0.461856884657	0.67073471114	0.0152001579027	0.57296112629	7.1561363034	4.11837321607
bin.204	0.225538090588	0.0	0.274063796682	5.86575339629	0.64051664951	6.96054933037	0.0	0.310742899157	0.23386486436	8.33028401456	0.230721381161	0.186647924112	3.91113423292	0.0202991154446	0.214928787554	3.61114889936	3.54117238247
bin.192	0.22458883021	0.0	0.479500096705	10.362211249	0.376698862239	0.697060398822	0.0	0.410102313667	0.193130204897	4.85448505488	0.348132435587	0.273188268739	0.884771439059	0.0	0.216171441545	4.2857222875	14.3508627021
bin.28	0.183902295307	0.0	11.4166552148	0.376509861302	0.117074334082	1.34073835673	0.0	12.6883957121	0.173027018921	0.315731699522	9.97981700323	0.193573321047	0.18516783888	0.0361756953337	0.148556811631	0.471358756415	0.326525744047
bin.253	3.9414826163	0.00846365486379	0.0584390471186	0.0884716207768	18.2001137351	0.510245424264	0.00641968237393	0.0693689325782	4.84262145708	2.86342367291	0.0814575415781	4.54493162819	28.8111356976	0.00574527451241	5.01179880281	0.0949235556622	0.241773381525
bin.116	0.141292637712	0.0	0.533457423584	5.3067085102	0.178883790103	1.39651411978	0.00235928083351	0.694249366952	0.112510201274	2.567442387	0.440093716703	0.124706667184	0.415447585662	0.00423946115249	0.126328906824	3.48897259381	5.6749814496
bin.35	1.48982754785	0.0	47.6123333796	32.6389055487	1.97870645606	17.1257856703	0.0094927637608	46.0245631431	1.84253711135	15.4592820599	12.7099166833	1.77764315156	2.3614233246	0.0656045806489	1.78024539233	27.7333944701	25.1402921828
bin.30	0.121398178028	0.0037355621616	20.1104292234	0.236365004505	0.104392900465	0.735847039003	0.00504150212756	20.6287766332	0.126435683719	0.232435692426	9.02298222319	0.0997427860449	0.0858318507028	0.00561057642152	0.135649752232	0.299636929854	0.261015884087
bin.60	0.0238385220554	0.0	14.9906040266	0.123497217477	0.0189225117823	0.358164524228	0.00253364503907	16.7313270883	0.0252589177779	0.050775779291	2.5264673705	0.0197764605536	0.0234207015103	0.0171415838354	0.0148541498632	0.60420060528	0.0641827298948
bin.219	7.77586061522	0.0	0.00749962452507	0.0135387120114	8.26388944262	0.00539516428434	0.00224545346813	0.0160060637405	10.8799636859	0.14289019376	0.0723642506951	8.77129843261	2.03385081946	0.0	8.59227125808	0.0111552104915	0.025768952596
bin.88	0.524836075677	0.0	1.37983860167	2.60535152212	0.808227462271	4.17653262962	0.0	1.41833092154	0.628471299073	2.32651407196	1.1545133571	0.56060202987	1.01014109756	0.0072392158695	0.677439377894	4.05884785677	2.6736588414
bin.16	1.81286707076	0.00277773842558	24.9881288296	2.39845020105	2.00585086874	3.48758348612	0.00412216957122	22.3382268388	2.70879344809	2.29178899637	19.3731673937	2.13588270185	1.06040358916	0.00947416761783	2.49320730856	2.83542056036	2.45914464005
bin.77	0.382758459002	0.00502379601021	0.842906998351	5.31069028326	0.650878953307	3.90575285006	0.0	0.892737934603	0.502032656365	2.96133234386	1.32369115898	0.504454453992	1.28359428581	0.077700632734	0.491198442254	2.87416394078	4.00405568325
bin.127	1.06358328414	0.00210570721597	0.161435926304	18.2751498892	0.486591760875	0.170264602058	0.000792841841823	0.150370621411	1.38937149838	1.09336874691	0.210385994088	1.10436863393	0.555792352733	0.0341257781258	0.81199068847	1.11956611254	10.2933122737
bin.150	18.2507520403	0.0	0.0161568379721	0.00244709279764	29.9401745935	0.0169508541699	0.0	0.00564650210301	25.9227557291	1.14286016481	0.192788410329	23.6140035335	14.1922442225	0.0	27.1106379668	0.0338462178216	0.0599277437847
bin.185	11.4632905798	0.0	0.00648988801951	0.0192273951783	6.44520824211	0.00356749445106	0.0	0.0187184834854	14.378598796	0.274604223965	0.0798455128141	12.3228229325	1.98502310712	0.0	13.4956160079	0.0167883157176	0.0457091010349
bin.95	0.160130996284	0.0	0.149880992926	1.14138191813	0.326320428444	0.478322590477	0.00238375037074	0.171113847718	0.137222084903	1.11670292417	0.312364950204	0.142855712478	0.818749991399	0.465779845045	0.146822603541	34.2711787052	0.365998966648
bin.174	0.698685200951	0.0	0.921454292074	7.64090852975	1.82121519375	2.35670291053	0.0	0.781682841813	1.29722501635	5.18149803052	0.738640063332	1.00255548032	2.77541138482	0.0	1.01964442299	4.7923435668	6.18067500004
bin.39	28.9062111032	0.268733787504	26.2989719486	155.52195711	50.259142268	303.009417744	0.276152579341	25.4822234913	47.1824973363	87.4822761273	10.8537465873	36.6720622061	46.4358214487	0.0822145351308	44.1336093859	193.311943032	122.063982749
bin.187	5.47416051501	0.0	0.0185391775963	0.0079295844727	22.8060832875	0.0235609224342	0.000557433889443	0.0180291117034	6.5503903354	0.0466508293328	0.218060752735	5.84262532962	0.37773015831	0.00117383664236	6.23133684582	0.0130852243189	0.0184283225532
bin.236	0.46814371814	0.0	0.904847863963	25.8581688377	1.12301023285	1.76367266001	0.0	0.880793406561	0.660968075491	11.1194299179	0.207823008136	0.642176707458	2.42992784721	0.00458849243254	0.63229459236	19.0128184603	18.2319588218
bin.176	5.83353500808	0.00356642646773	0.0205038882515	0.0392944681474	10.5208027565	0.265161461239	0.0	0.0158725644145	8.82476817722	16.7997804482	0.371879729758	7.17597471188	16.9035508625	0.0	10.046122383	0.164837681343	0.164307731788
bin.171	0.290534914587	0.0	1.39460105693	7.87313967322	0.286621044364	2.32735984414	0.0	1.34960926261	0.353756065096	2.14905552451	0.48011443652	0.328418286849	0.406622033278	0.00670053510658	0.317872244489	7.34807960088	4.60452712794
bin.98	11.3351824235	0.00547760159502	0.143729528604	0.219637814875	13.8599672753	4.06881219019	0.0	0.154890979459	15.0185600499	10.522265833	0.630481240512	14.1438941371	19.3542874959	0.0904602360546	14.6751247807	0.982651556884	0.251075604408
bin.227	6.61625579011	0.00427336844165	0.0352082605871	0.0607558606478	4.23336696811	0.0592316374443	0.000915498749448	0.0427164905266	6.87101302658	0.322577338535	0.131334061959	6.88416958611	1.60704207377	0.0121179717746	7.57477359065	0.0430945261693	0.272075008258
bin.162	1.60683156832	0.0011805998973	0.0478395335663	0.125066060035	5.36564454685	0.412459353691	0.00100584235448	0.051813900594	1.64738742383	1.13985345973	0.294518240528	1.60043869633	16.4855717552	0.0156203501626	1.35790310424	0.0767836911387	0.1694448721
bin.55	1.9033331665	0.0	2.40619826502	2.25682184969	0.840371940419	1.90477587962	0.0	2.97904443014	1.54084474691	1.99725040073	3.22313371464	1.69678811494	1.09611536304	0.0500041002554	1.28610498206	1.23133435814	2.62046903245
bin.242	7.72938229188	0.0	0.0214994928699	0.0652112108349	2.7808584906	0.0283122391025	0.0	0.0141846291778	6.9638097764	0.203701916417	0.0751903227593	7.05160946807	0.756409413259	0.0	7.05229722682	0.024440027345	0.146488649967
bin.249	6.67495534731	0.00274187607629	0.0092528040379	0.0100358171993	9.53107966406	0.0121980791468	0.0	0.0128300195519	5.32384058996	0.081963106386	0.0390671206142	6.51307324086	5.25725283707	0.00114596810423	6.55186602603	0.00805693747062	0.0166315790373
bin.217	2.93286368664	0.689076450615	0.0354910646714	0.0595779831336	4.23938681516	0.278323365771	0.664317475593	0.0352244318327	3.66268924257	1.34690879701	0.110297686578	3.42576043451	5.00626382229	10.7080151148	3.66621577942	0.111239382018	0.108843633466
bin.50	0.320675901528	0.0	0.49140914775	30.023311362	0.381549350121	4.3460373113	0.00145005314688	0.458579731447	0.310638757461	1.84819323163	5.49745616583	0.323781299968	0.526699330728	0.0667038040687	0.323363660567	3.89822494933	16.9053969009
bin.71	2.17139137789	0.0070566086265	3.29842601983	12.3960734631	3.66051675688	13.9626057693	0.00389020149229	3.07753917107	3.4974223966	9.69690639799	2.01929414386	2.73577399402	3.44792907672	0.016394626792	3.24768398281	16.7814819032	11.8669434871
bin.178	7.12309326357	2.54614952905	0.0580292754222	0.0607219877117	11.2105260111	1.1780619224	2.29714793412	0.0528017086914	10.2993346488	14.308257577	0.384722882098	8.58718220568	17.5919783488	0.169564631623	11.3370849002	0.138288088376	0.349291187343
bin.201	2.77437583241	0.0	0.715740502362	1.10388192319	8.13602773575	1.18406510343	0.00225345529088	0.628218620757	4.84784360945	10.4188674137	0.755645288055	3.72375615073	11.6703181638	0.00472958375571	4.44413312868	1.06613644843	1.94234041744
bin.197	0.258773650812	0.0	0.258651139642	5.75942425969	0.408583076241	0.47347297749	0.0	0.258746237744	0.293978551765	2.56362977418	0.320007064093	0.263267321778	0.814029220566	0.0128904141975	0.23065733517	2.08449163997	5.87441392251
bin.105	10.2735549834	0.0349869162192	0.0310934477289	0.0224947773696	16.0794713642	0.0385281676801	0.00215057070487	0.0354664191719	13.608344601	0.609487697221	0.190366659286	12.6942715007	7.99960028987	0.0258951353645	14.5056854806	0.0355068313245	0.0467530486073
bin.166	2.06622936695	0.0	0.555197959207	2.28472590063	2.78071916674	0.574556769449	0.0	0.644561353782	3.08098348659	8.38807438219	0.693122785985	2.32709063298	3.57877448619	0.00552037109946	2.9967471009	1.5317720677	3.08365873235
bin.163	1.35947086475	0.0	0.106806691409	1.76663424126	2.16690969528	0.477498380941	0.0	0.103033074224	1.70130473645	5.84644296089	0.350964349556	1.75614606166	4.84593300038	0.0	1.64417631133	0.4541082884	4.4356859727
bin.168	14.3344882263	0.00951896216913	0.00566019632182	0.025115124496	8.71773324097	0.0193959879416	0.00673515803897	0.0151803026565	20.3338604005	0.219394249267	0.132291369128	15.9434672788	1.47638442565	0.0132548792269	20.0216380649	0.0212468224176	0.0579780120465
bin.92	0.85316666586	0.000892597029633	0.255936410288	3.90382852924	1.70010151131	1.24962038823	0.00159004955216	0.268754531355	1.16180675563	5.18864816185	0.562683674164	1.12659599831	3.54903628335	1.90368106706	1.17547642066	1.19978257072	4.0452308504
bin.99	0.206508206275	0.0	1.18000486158	9.42120108972	0.941004617043	40.9197137015	0.00157288076632	1.10093377007	0.263418123963	13.8279653478	2.03848014666	0.243965844891	3.83692450029	0.0249731242381	0.260475804876	12.2018133247	7.44441873138
bin.107	0.197644295499	0.0	0.570707916106	6.17816807062	0.322583959607	1.11393725785	0.0090778759773	0.487781954169	0.182528748057	2.01068094219	0.765115615591	0.187005621079	0.614248859565	0.0160710787563	0.184131905185	2.14059810394	5.4389925614
bin.133	18.8593227183	0.00505606780405	0.0809500825961	0.1288761285	37.0144050952	3.06656842808	0.000961845070538	0.0919650553631	26.6871920112	21.858105501	0.380888178903	24.5717765843	47.3992634993	0.0221996436473	24.9417110487	0.278740392034	0.241302396477
bin.64	0.363276786347	0.0	2.29699822552	6.53590759486	0.615217944014	2.47920832701	0.0	2.89343984629	0.583409968448	6.45221540703	3.84785294087	0.647048336983	1.4570899447	0.0	0.58883445457	3.1194671465	8.41750482968
bin.87	1.91677570152	0.921560313553	0.399385305409	0.467489233944	2.46457916306	125.271046707	0.966301313197	0.502974643766	2.19669386112	2.72536383692	0.541763748587	2.12724690791	3.63084576129	0.13492124332	2.24168461344	3.22476595634	0.45947712567
bin.234	8.81947717463	0.00446044278688	0.0266213997915	0.0257270833737	6.70316980126	0.0371904420521	0.00415365916338	0.0307332387512	9.68081334474	0.18507689024	0.145513765333	9.50285812133	2.52928284742	0.0226281708473	9.62944965018	0.0325051068604	0.0371832520101
bin.237	0.0255735467953	6.98697751961	0.0157564939512	0.0075259991347	0.0133151308294	0.0163070814924	6.44544261731	0.0158644985811	0.0196868537773	0.00767820026591	0.0367366256021	0.0223571585557	0.00960573035089	110.344973355	0.0170134024053	0.00885737026382	0.00757204046627
bin.67	0.713145522053	0.0	2.29282710416	32.0689850585	0.60073155144	1.73850103657	0.0	2.1234592872	0.854223931264	8.81671700401	1.98924010849	0.853279736418	0.923768352278	0.0297413858849	0.73891481002	26.8129266358	14.2398561451
bin.113	0.28193964562	0.0	1.00803526154	5.85542189229	0.422467026369	1.73875781118	0.0	1.19492360203	0.283662111856	2.40759069938	0.979640538734	0.267149976915	1.08100017566	0.0138945350332	0.267400754106	4.30116495794	5.63515427669
bin.2	0.110853203837	0.0	3.31174294487	0.104410365069	0.00818693063125	1.2352067834	0.0	3.57475188508	0.0386315384683	0.0927208311012	44.1414275862	0.103627091267	0.0390513476712	0.0	0.0576758873144	0.116818507049	0.0821903391766
bin.231	8.5663967493	0.0	0.00592502375683	0.00716246716884	4.68041148218	0.00752986691129	0.0	0.00950021561192	11.1997113931	0.161974239112	0.0397448659738	9.9302799591	2.8848139475	0.00772088077321	10.5966111189	0.00694526304625	0.0145291958695
bin.11	0.748387281298	0.00112006540306	14.4672053759	0.844398456956	0.812511803057	1.31987799851	0.00206324377046	13.1285865604	1.09783432366	0.676161429877	23.5806976869	0.885225309386	0.44337483027	0.00688909828544	1.01303201984	0.935539293619	0.742915513809
bin.31	0.33915040276	0.0	27.6480551169	3.82158626041	0.493647546571	7.05422168584	0.00107403262519	27.2596212003	0.400705281731	4.50401380845	11.2216690416	0.366277699468	0.695217499326	0.0174826256611	0.423372694778	5.75239471276	4.33322675885
bin.157	14.6326090671	0.0188243652852	0.0655625533479	0.00754713208699	9.62232335675	0.0406956032534	0.0	0.0377017952116	23.4661472508	0.0417425248584	0.126208586578	18.2463641528	0.582559022765	0.0	19.3794975676	0.0395792041972	0.0193838221065
bin.58	4.19767185119	7.59027705615	5.49699147139	18.5561342973	7.58312965153	15.8535435444	7.92430391006	5.07428645102	6.23329787451	12.533052487	9.18874770807	4.99178882001	7.28162326499	0.66234868848	5.91887839576	22.4711987715	14.4646078944
bin.72	1.48127545633	0.0	9.09480549873	25.1564534112	3.04784833422	11.9104943581	0.00354236946956	9.56509074224	1.91226559239	17.5354617212	2.07117346613	1.68344510392	4.05054809676	0.00919230802375	2.11802610752	29.7025353484	20.4399822089
bin.142	0.244295203502	0.0102171867067	0.0891965751826	2.04075071626	0.530530877053	0.804928708658	0.00397143025356	0.0918957034868	0.305959312544	8.45555248688	0.846179242009	0.257090844359	1.96452991986	0.00455470773029	0.342184956755	0.586372737857	5.79790203083
bin.69	0.285732346622	0.0	0.940256397377	5.68536372338	0.868002253794	3.17588218146	0.0	0.877025899716	0.428618199851	2.5941547851	1.26149527201	0.474396175595	1.34016789255	0.0	0.462435502364	3.06454177482	3.3007093936
bin.121	1.3353608345	0.015409767744	0.0792697405901	0.284507972072	4.69966517451	0.449582800835	0.00231211670693	0.0873658449658	1.89282543449	8.30932722621	0.376373978989	1.43901064606	9.33443997127	0.0135153339677	1.86613607246	0.169799000034	1.23202023374
bin.182	17.1036262695	0.0	0.016164250637	0.0120688893689	1.67576973084	0.0149769275289	0.0	0.0146066162921	10.5618769972	0.0462721140455	0.170947187626	12.4436102551	0.32483060297	0.00585335828906	10.1001067474	0.0145930781048	0.0314017939062
bin.123	0.392873460445	0.019181163667	1.15460781845	6.72816106794	0.791329162899	2.96182245965	0.00184871991014	1.29037956108	0.472642046787	4.51221733288	0.463951822323	0.446129066954	1.20543176022	0.00388949965597	0.525857775479	8.07317367266	5.3280881319
bin.131	0.34589347634	0.0	0.935722467833	3.40405288283	0.513017393618	10.1724662472	0.0	1.04058432829	0.406686422503	3.26352591614	0.666659669284	0.382639281706	0.930517607475	0.0234062329717	0.45897167666	4.17603239253	2.20123355991
bin.212	0.207709201957	0.0	0.237358292067	13.5340777571	1.50854930428	6.29917276136	0.00177777734308	0.290569898396	0.230635991767	12.7358061948	0.105213974736	0.244447684776	5.54131729356	0.00197610875148	0.254088685922	17.9257963603	13.8816006564
bin.190	3.92056071968	0.00399717860507	0.0681390558342	0.120766161351	9.35818717957	0.290665971823	0.0	0.0685273467473	5.54095192338	13.3091766478	0.170727017481	5.25293885981	17.535996403	0.013998004402	5.0782636322	0.182568303303	0.222895735984
bin.159	0.40747429297	0.0	0.754085877919	6.15314906661	0.546245085925	2.16423100247	0.00145044693251	0.934970438011	0.375281531899	4.49817540928	0.457836056773	0.326826299694	0.981147951029	0.0	0.383564435024	4.57338718632	9.77288982813
bin.170	0.305602331755	0.0	0.355277555071	5.65939374667	0.503375723671	0.723783380071	0.0	0.298029034846	0.343019509709	3.3199877868	0.576157354816	0.340364222174	0.954982797908	0.0631476298819	0.231667685043	3.75384761629	5.86047288206
bin.52	1.96279857128	0.0	6.42665698086	3.57584182156	2.44865282983	4.3387706811	0.0	6.30322150867	2.60042311083	6.51839757091	7.76028685979	2.33404681184	2.02855806069	0.0153705639491	2.69008567867	4.02979840934	3.70338600603
bin.202	0.283469010592	0.0	1.72563776176	20.8678466119	0.390969121678	2.71180034546	0.0	1.90192963481	0.295899791583	7.00385995069	0.367246213595	0.310640724376	1.18245294469	0.0	0.403373984325	17.6677577833	14.2874687424
bin.209	2.51168321961	0.00453239907486	0.674899616028	16.3313753111	8.59205994038	4.15297501332	0.00161064914856	0.667785473476	4.39051034737	21.4735140833	0.60978522988	3.30190662808	13.9975144246	0.00340985721163	4.09346751036	13.75879638	17.5453181054
bin.65	1.12783473157	0.0	2.58114244456	36.5908240077	0.68704285014	2.18218180801	0.0	2.71853525591	0.957417463514	9.22707640769	2.36248746691	0.714210432696	1.09975760306	0.0	0.998081063736	29.5986755203	16.6626231298
bin.226	7.64263428167	0.0	0.038693418302	0.122020317794	6.60361504588	0.0411021774533	0.0	0.0722459181874	7.24456198428	1.4342315354	0.0887539670053	7.40658833393	4.08291473495	0.0	8.00586575699	0.0375104510233	0.436205932993
bin.154	8.80805592243	0.00415001639676	0.0286800123018	0.0174134871511	5.56554306552	0.0424938100291	0.00117074144847	0.0346687974616	7.9772260859	0.0457221507094	0.1463492554	9.81138185515	0.961626471581	0.00996207869391	9.8000601377	0.0228960813023	0.0281129259976
bin.91	18.9483658302	0.0219916533071	0.0454644294304	0.030545103869	28.0855468372	0.065388909383	0.0	0.0598063803235	25.5963992685	1.25739735947	0.251005261207	23.5489193137	13.7055968645	0.0330841574642	25.7624841949	0.0542395649183	0.0774927667108
bin.51	0.279266807312	0.00275961761923	3.5983372542	3.46243942691	0.381911947415	7.32683954787	0.00128891326202	3.45293317098	0.340819342226	1.1536509354	4.71561686912	0.36633590029	0.553706201929	0.0589792633094	0.355801576351	5.7685226731	1.51485832854
bin.94	4.96413830085	0.0	0.112929591003	0.130798044081	5.92404928534	0.335521104325	0.0	0.113207256062	6.4036382702	1.23761850899	0.342873434984	6.18406964447	6.68489113934	0.115768241412	6.23882763093	0.146573407689	0.14886896354
bin.111	0.524613090384	0.0	1.67676335912	7.47231014066	1.61837369172	7.03357168767	0.0	1.79198769177	0.740175541066	11.3536547287	0.885014617843	0.607951822831	3.03790512704	0.0	0.75589125858	9.65174763434	6.91315018691
bin.75	2.08439316481	0.0028671061744	0.794201904319	1.40357301474	1.67234905892	4.71025203885	0.0	0.665020921418	1.37641058177	3.06546274201	1.14808631257	1.78555590606	1.58937989225	0.0514124236558	2.3622917367	3.88468792015	3.63209273794
bin.158	0.100241043708	0.0	0.348270538119	1.05300598325	0.0726969073068	5.94747227894	0.0	0.434519820617	0.0614423843879	0.637712551969	0.397402400074	0.0841914290969	0.157461652205	0.0111479721731	0.0776801359862	34.2561552008	0.987624788801
bin.132	0.705019427595	0.0	0.295885939993	4.89116077961	1.08659419675	0.582758073047	0.0	0.361629611475	0.747850267547	3.82373003361	0.397313154874	0.735949490719	1.49630169411	0.00760030929756	0.852732590932	1.64385641319	7.59649831759
bin.125	0.428451581888	0.0	0.233833865956	5.49645814912	0.785328388281	1.41463295845	0.0	0.236905427676	0.540707269479	4.10159992894	0.536616045127	0.538406241336	1.81079193473	0.0246797428737	0.500934136516	2.15760239792	5.61917511854
bin.135	3.3399474716	0.0	0.216742283045	0.460293240913	4.85064443815	0.566589646603	0.0	0.202210380869	4.79473680972	19.236112233	0.766165993857	4.15620576514	8.27148948269	0.0305916234112	5.07341284516	0.080848335246	3.7642810349
bin.100	0.345816145365	0.00112436466307	0.656703398654	9.04038572587	0.589943706238	2.76352741784	0.00117666906802	0.909258187007	0.275547309983	4.35322100957	1.46346835756	0.330114157312	1.68852200987	0.0313245128046	0.277566077304	2.38161962749	10.1405103174
bin.130	0.76089829393	0.0	2.72390515031	9.88833914086	0.769876574504	2.47682245275	0.0	2.3259849314	0.885244470212	7.7022390251	0.704998978604	0.945134376713	1.10741498489	0.0	0.944734305144	6.62290214765	9.01738629432
bin.199	18.0094431725	0.0053614214033	0.0142235010783	0.0171054029426	6.34456933412	0.0215363669595	0.0	0.0226754833009	6.33691461429	1.19646642748	0.0754213904714	10.0807002396	2.44077946934	0.00182856809923	5.97438562869	0.0221776134689	0.0994050415998
bin.167	0.105133971934	0.0	0.2405917297	3.82220340817	0.292875727643	0.804817997371	0.0	0.295556482573	0.153154736763	4.42137083429	0.280810499218	0.183149394765	0.544068806289	0.0	0.195461985564	1.65367178893	6.91942331422
bin.115	12.9181290048	0.0	0.013514821849	0.0185788541451	20.6948937606	0.0344539755896	0.0	0.0240440326326	17.683072747	0.846626365756	0.185434248031	16.1559771243	10.6368365507	0.0710412010733	18.4296537292	0.0201921755702	0.0377552758196
bin.144	3.39686050832	0.0	0.0714869131544	0.113349014608	4.74763297074	0.792667191765	0.0	0.067907106991	4.33756897517	1.81117411194	0.269353820452	4.12163486358	5.87151175335	0.038312069232	4.30432626945	0.252746426573	0.144616797984
bin.47	0.0433770390592	0.0	2.16669903981	1.9771183116	0.100885642645	93.1833520554	0.0	2.73985585258	0.0376017836133	0.709212643876	7.21205152121	0.0406594617567	0.110172090806	0.0354841009669	0.0578378269056	84.0521207726	1.20633605463
bin.165	0.549035912232	0.0	1.22403554241	26.802261303	2.56476706069	21.3951074276	0.0	1.14852775558	0.826486929197	20.5149113496	0.760540197964	0.69947057653	7.28795419507	0.0075515352636	0.759431956595	39.5741617046	24.7389521307
bin.57	0.230524174204	0.0	4.44081648029	0.585505512518	0.197195854501	11.8009295633	0.0	4.62960891962	0.200342972822	0.57039949164	2.95216669156	0.184825012061	0.265853425539	0.0123637819025	0.184179698283	1.13555405266	0.526656534454
bin.23	3.48438166343	0.0	25.5616629735	24.9882346498	4.94900156337	9.02042753418	0.00757678051053	24.7535678996	5.13306646236	18.3686706331	14.1368429107	4.0222334363	4.85825928997	0.0144935011826	4.94726175634	15.204166518	26.3671290709
bin.151	0.929680672397	0.0	1.84009867235	8.7188796311	1.15461561431	2.51021971393	0.0	1.60972468982	1.1545383953	6.28453516511	0.885070668519	1.04774712194	1.32862058772	0.0	1.26262151583	6.28835869161	7.8538817652
