Genomic bins	B7_22mMystic	B9_PosControlEColiMystic	A3_1mMystic	A7_9mMystic	B3_17mMystic	A5_5mMystic	H2_PosControlEBAlly	A4_3mMystic	B5_20mMystic	B1_13mMystic	A1_FB_ShallowInflow	B6_21mMystic	B2_15mMystic	H3_PosControlEMAlly	B4_19mMystic	A6_7mMystic	A8_11mMystic
bin.20	0.0869391473592	0.0	4.28019928903	0.0583752820222	0.0359922723199	1.28296233301	0.00541235403045	3.38399647153	0.0475950273991	0.0375984275512	52.0400605278	0.0543616739233	0.0324323660046	0.0130013240152	0.0571853188086	0.044121619064	0.0708675177331
bin.4	32.3897945171	0.0207878452216	0.253214113985	0.223416091745	71.1799001856	1.19880733811	0.00716212062582	0.231082326123	48.2067480754	54.6754235525	0.847744239293	45.0742267924	104.092758778	0.040489769928	43.030975855	0.328580798032	0.42602592551
bin.25	50.2996494963	0.00824705495447	0.0285117185445	0.00935639973021	2.04971933963	0.0193034759113	0.00192006433162	0.0388678229563	19.0297215212	0.0306601080955	0.77001003285	27.5521534937	0.108364956911	0.00117230865502	13.7601650976	0.0158798816046	0.0233425539222
bin.22	0.133132085285	0.0	0.287271623248	3.08605729642	0.111400816619	21.1931641452	0.000701225728103	0.394233780858	0.08997709118	0.251209911	0.231630603371	0.104978463028	0.13257237246	0.0253813068152	0.0960402656393	5.57894212408	0.741252046585
bin.6	5.71849517401	0.0	1.58796967619	20.0723244359	24.0047729003	5.52634009746	0.00766113903327	1.54089552627	10.3833787241	68.057266525	1.30042870997	7.82288261869	42.1887891174	0.0107556412651	9.5643169848	22.6357858947	30.1376297031
bin.59	63.7005922913	2.63375946266	0.109008950212	0.208858337412	134.475288857	0.173133502473	3.05539801269	0.108631899947	74.8878445993	13.4328734656	0.59764479117	77.4181258669	91.8391714765	0.29544310707	87.0937513224	0.1653708849	0.530255262087
bin.68	18.1368257487	0.0	0.0250620747391	0.00920525590257	1.06817436536	0.0169924315887	0.0	0.0181070776677	11.0355131737	0.0350167169565	0.134714667038	12.9006537538	0.240533689848	0.00598748660125	10.364352616	0.00963578894685	0.0291691653382
bin.85	0.179217880009	0.0	0.24269081596	4.59184472737	0.378616608753	1.87976984488	0.0	0.253152984252	0.214653205129	3.62354717195	0.443129085366	0.192032148687	1.21837977875	0.128883545133	0.215397608137	2.03132984391	7.22925294669
bin.70	0.206510280615	0.0	1.18001822891	9.42162521341	0.941021575893	40.9196204701	0.00157250246263	1.10093918658	0.263419289182	13.8279293405	2.0384910089	0.243962214923	3.83737776161	0.0249732651946	0.260476140443	12.2020231755	7.44443276279
bin.46	0.183304441936	0.0	0.118576047277	6.48960897379	0.594866524732	6.53008823434	0.0	0.109041055787	0.179250712867	9.44215145872	0.0987451939179	0.13495118989	4.45173062608	0.00434881823763	0.147402392176	3.44150694981	3.38847557449
bin.54	14.1181609215	0.0202641311478	0.00609436918814	0.00300503713662	9.52894569428	0.00506729044966	0.0	0.00453554246908	23.2965332538	0.021823758022	0.0916544918808	17.9714632677	0.474395604719	0.0	19.2085185931	0.00548815887682	0.00886133787002
bin.43	1.58960241371	0.0	13.0084236608	4.93821001576	1.69021733139	5.25491668901	0.0	17.5805709457	1.72278125828	3.05008963071	29.108291406	1.84673870206	1.09025921454	0.0643321705828	2.05738002752	6.97361352971	4.33941079208
bin.34	5.32424948993	0.0	0.0169750087712	0.00756306992065	24.0505948021	0.0219666214137	0.000493052256996	0.0173089565521	6.47791354314	0.0308647715653	0.222139657212	5.76885451185	0.311903453665	0.00103841113012	6.2742521139	0.0115417267551	0.0149556571902
bin.37	0.388659745302	0.0	0.220647289378	6.48268789587	0.985924840768	1.61869154627	0.00153749753287	0.215688814157	0.524681595506	5.02580813353	0.519629212127	0.491322310897	2.42192153476	0.0908957474974	0.544917203861	1.7219088105	3.8621190101
bin.32	0.0464796710501	0.0	0.0990418345452	12.664006705	0.0536633160373	0.0920792889105	0.0	0.0978791346813	0.0373377270319	2.42358198373	0.256267489376	0.0332313674303	0.153324479908	0.0054943100626	0.0374538107166	7.48605706289	13.5050189182
bin.81	6.32550017971	0.00460944625675	0.0135180029254	0.0122978984493	13.1007467635	0.017506111582	0.0	0.0132008158	9.23753913241	5.04025815639	0.0516610823955	7.71930654757	20.5959811214	0.00320305246061	10.1390322625	0.0179660144783	0.0563337972666
bin.83	0.0874792467181	0.0	34.1634385709	0.0864506285847	0.0762398164844	1.0358854628	0.00159162538987	31.0741045678	0.0807123115576	0.0979891543764	6.45159787326	0.0752531323081	0.0902538360426	0.0475457529457	0.072319019286	0.115053708002	0.0810747871176
bin.62	4.79022899275	0.00587018833572	0.0150664797281	0.0181062658672	16.6122091106	0.0210561006077	0.00073873529563	0.0162960148815	5.84138453523	50.4761974898	0.0866967561738	5.89648488941	23.7493102948	0.00828497720977	7.4618855753	0.011793318962	0.0393960073235
bin.8	0.254446211597	0.0	28.7829399268	3.88138560212	0.416808319633	7.45986820006	0.00126546094728	28.3999521395	0.291145898314	4.55833960394	10.5603336002	0.266011474804	0.637751776446	0.0176412113116	0.310762191608	5.99663171095	4.55062280335
bin.53	0.669650909055	0.0	9.85637210941	8.75792386853	0.810608380056	5.40326369194	0.0	11.7080897827	0.605374198004	9.62280249676	18.0204914676	0.684082911649	1.47559212227	0.00574776938886	0.843021692325	3.73339558197	15.1357947654
bin.12	0.95517054514	0.0	0.0188544816633	0.0464614872835	12.1021204879	0.029619702986	0.00348203771253	0.0230853683997	1.61052078413	36.672540806	0.0354548999008	1.11548777138	47.2404071197	0.0112138905858	1.74020936895	0.022592829965	1.85568105705
bin.1	20.1095316055	0.0123318177468	0.0681444821187	0.0500775200298	23.7290679164	0.07494221852	0.0013357404278	0.0795533324646	24.837419049	2.10994558861	0.283359734709	24.7679756271	22.2466411874	0.0398649881943	25.4639239174	0.0441813666153	0.107442725576
bin.45	2.40286338283	0.0	9.26575149859	3.40955896151	2.94101299717	1.98513420182	0.0	8.52208512723	3.94995060594	4.75496996789	10.5764865036	2.95050693021	1.60640823472	0.00489984208704	3.46589505502	2.48724068675	5.00912108803
bin.26	0.0626470226251	8343.78371215	0.0538079128896	0.0193383387687	0.0280794795506	0.0270987669521	8116.32421063	0.03015091414	0.0535652045739	0.0266489622633	0.0935556171825	0.12952255764	0.0191590230173	581.064778853	0.0596472650265	0.0159856203235	0.0211296995426
bin.19	0.776040891708	0.0	0.0348274520624	33.4363704298	1.43039220727	0.0289581654685	0.00380927790779	0.0244781901661	0.417029085828	46.8329124157	0.0681632559743	0.490731041734	2.9849813787	0.00684841524129	0.405188131043	3.6660523545	86.973304743
bin.84	11.5109753342	0.0	0.00408560251821	0.0208007500554	7.08787064358	0.00252204408289	0.0	0.0125960764696	16.3202791363	0.3408256776	0.0791373838694	13.1476865217	2.24289915334	0.0	14.9255141294	0.0188567949295	0.0501413565254
bin.74	8.11154906257	12.0780082272	0.035322674917	0.0273716475036	2.08671226493	0.0333410019505	12.9947344523	0.0437450731154	11.3860791408	0.0419452387528	0.105169513861	9.12215423222	0.259861944512	0.00884048789536	7.91811069469	0.0280627647973	0.0348259113051
bin.10	20.4630047487	0.0035135365676	0.0204838841569	0.0102411400561	1.14122688005	0.0192280075566	0.0	0.0179248352168	12.4855183427	0.0256449024545	0.199826731813	14.1852450983	0.194319039256	0.00596841878611	11.4590693549	0.0174256269284	0.0152502232932
bin.82	0.574596889474	0.0	102.968786053	1.22497321105	0.723287156877	3.3110753753	0.0219914387632	92.3949500252	0.903574663213	1.52190814279	13.3474898683	0.658872924978	0.51418618422	0.0150823227455	0.803321080252	1.76830240995	1.41882496174
bin.63	0.240291303694	0.0	0.0259283912026	31.2769168776	0.310647641688	0.0293524800006	0.0	0.0265717903932	0.187451929313	17.7507887383	0.078104017488	0.182378686587	1.11008761389	0.0165654425114	0.160399000995	9.3463555362	55.5606450488
bin.42	0.0912030931381	0.00215952554935	0.77555340634	9.32038565464	0.487937841522	3.93100655994	0.00076188347143	1.15428016523	0.0757503363579	4.16289056396	1.66946685941	0.0774357588208	1.85588570964	0.012810498332	0.0880655867278	2.49145200925	10.1959723699
bin.80	0.207707262731	0.0	0.237359454728	13.5346732146	1.50856911487	6.29915823084	0.00177731683118	0.290571061493	0.230636959099	12.73577312	0.105215529505	0.244445407997	5.54195395142	0.00197610584404	0.254088899934	17.9260999951	13.8816272799
bin.3	0.161834543408	0.0015783198986	0.0646849179082	1.2240157739	0.131653466115	22.7339991879	0.0	0.0914179659386	0.0857312299349	2.28433084824	0.0245911954294	0.111938712668	0.394115689407	0.0087131609308	0.0880177168041	3.2665523746	2.38706474422
bin.38	6.53524633861	0.00315288973849	0.00854954967906	0.00984397278775	10.0663263898	0.0104016425596	0.0	0.0115562211038	5.26815247282	0.0744986901515	0.038545661203	6.42412555425	5.60497039256	0.0	6.54711036988	0.00805147203611	0.0138718487795
bin.33	0.954845244272	0.0	0.56000445513	1.91884810137	1.3185894559	11.5386660339	0.00185734403074	0.539913942943	1.17643565136	11.641946242	0.826427047125	1.15728143449	2.1004413841	0.0190774572058	1.29148474314	3.66664345899	1.49241479146
bin.56	26.5469712442	0.00191442053994	0.00596677937742	0.00366732796524	0.829070685006	0.0155390905675	0.00072429236868	0.00576037653218	21.491570328	0.0159880717262	0.133577900453	21.58873229	0.101332389524	0.0	17.7804953784	0.0153775893689	0.00719532165132
bin.14	5.79643182335	1.64436349265	0.030570835874	0.0383015239554	10.1823226654	0.12187171012	1.48353451995	0.0231999773501	8.72958431006	16.662752566	0.428242764595	7.06521456923	16.1569435494	0.106790731763	10.0224257185	0.168875901233	0.119395207035
bin.13	0.050529078505	0.0	0.0435001238255	0.936684035625	0.0585980319005	1.20988181726	0.0	0.0407930276385	0.0452364881304	0.141716634611	0.0611536883689	0.0328350259449	0.0556024398441	0.00278172920195	0.0408749819514	15.7445585109	0.359266130138
bin.44	1.6051765963	0.00701055006331	0.223437632897	1.63135776445	2.60047374586	28.3748691849	0.0	0.523971301522	1.54173575536	0.783187917112	0.0198150636003	1.68924614695	3.04920483493	0.00758856161666	1.71897728204	1.33137125449	1.267793367
bin.41	4.26679391866	0.0	0.0143774033413	0.391008463305	4.98518069429	0.0240700249803	0.0	0.0106367483779	6.02058021478	12.6928718436	0.080750607949	4.99175324914	4.90013909917	0.00761756480778	6.41913443012	0.0175632601551	5.6243219911
bin.48	7.07211474055	0.0	0.0120232906477	0.00616749621	12.6296150338	0.00807817625901	0.0	0.0124011465452	8.28129017199	0.698466926303	0.045064379157	8.11250417403	8.88407334699	0.00649168902824	8.46850115858	0.0102546739152	0.0146050813068
bin.29	0.097134729136	0.0	18.7599190854	0.187441437699	0.0617130344503	2.09938058257	0.00379298183719	19.41168855	0.0687642683786	0.137283787108	2.68296294654	0.0754545280867	0.0807203204663	0.0637875430917	0.0630894196427	0.207439594233	0.227558224095
bin.78	17.0284036096	0.0113126970778	0.0363469092117	0.036940279267	17.1057277774	0.0530394419682	0.00137073074122	0.0422073827201	26.3180136742	48.217277915	0.182924968596	20.6112532621	30.1871321291	0.00898984657168	26.746225315	0.0506540342861	0.0983121327716
bin.64	76.9410181925	0.153782605712	0.0331393712262	0.0236117925457	13.7571904784	0.0320397723922	0.145980527842	0.0341054935966	36.7284810219	0.0485582037847	0.336516531513	60.3703194879	0.798245657224	0.0195499811587	38.5328405509	0.0278304284326	0.0426833948369
bin.61	1.10870234181	0.0022429961785	0.147924746927	18.5976022984	0.492285923806	0.126157690579	0.000844495860202	0.137056779073	1.44594076228	1.00169676479	0.187359543129	1.14920723179	0.548012510166	0.0344719346264	0.843199512809	1.07747023499	10.3496279499
bin.66	0.0475135608188	0.0	46.1082813906	0.03287546847	0.0277149596597	0.788973967602	0.00305269628915	41.605856228	0.0447178116256	0.0513829636124	7.861652862	0.0476085000617	0.0389010162497	0.0142895892841	0.0316351955584	0.0606616109653	0.040906757558
bin.73	1.91305040649	0.00405539524294	0.368707435146	0.441850824536	2.43556291887	125.094451976	0.0	0.443389611329	2.20310325165	2.74938842848	0.497818601915	2.12844369896	3.61670344905	0.0659257594184	2.23199538314	2.79854328945	0.438154503611
bin.86	0.136406111766	0.0	29.5087130935	0.125275719297	0.0402252861399	2.27749292294	0.00869751276278	31.6169642002	0.0542905189369	0.109444126738	11.1363597258	0.0736958465008	0.0547036861074	0.0127190700545	0.0473355417964	0.18316661239	0.12286519011
bin.76	5.60138913185	0.0	0.113885656958	0.120168670205	6.50708293034	0.225510811904	0.0	0.111099481022	7.40860889266	1.22869530115	0.345592903439	7.08704660074	7.25541879642	0.0815085892652	7.1803585714	0.124292760397	0.13292758091
bin.9	0.32083767893	0.0	0.472229211373	29.6381443579	0.386717321865	4.51138221228	0.00159275068682	0.448632743559	0.320490177517	1.8050358394	5.74977655596	0.330404058775	0.522732486681	0.0717838413082	0.329261805901	3.59737662769	13.881527378
bin.52	0.125694634325	18.8142284525	0.888198597385	0.193327390339	0.104492156573	0.699276310861	18.383462276	1.15172095953	0.185931926299	0.613794984904	3.77636316149	0.105029231927	0.0867584287274	362.879199361	0.0435038916983	0.561950611014	0.241215593646
bin.36	20.2896186851	0.0113691616627	0.0484330630894	0.0326062202709	29.9474758505	0.0739989823273	0.0	0.0671338436047	27.4226555056	1.37271991555	0.27084458586	25.2331651428	14.4781575025	0.0383227097117	27.4630903658	0.0592303428798	0.0860593751183
bin.27	0.0975975832939	0.0	0.199609680409	0.892640627036	0.0661176598034	5.17924163593	0.0	0.263903872513	0.0633603417526	0.554936959627	0.237111531164	0.0757928451105	0.146427637694	0.00651736834444	0.0737947404673	33.4720107506	0.881688448689
bin.15	17.7683528257	0.00721543820497	0.136283345262	0.165949770602	28.4869644143	1.57263567128	0.00176467676223	0.131755101145	22.2817675538	13.2912591352	0.819528440373	21.9179383312	33.7935813088	0.0897433863788	22.7965291221	0.567313839832	0.284160817457
bin.17	0.375658284009	0.0	0.137002633686	6.73267898613	1.00004307394	0.792186328347	0.00162550441655	0.199368784112	0.353662893579	4.6275109595	0.245652209461	0.40557328345	2.34796107764	0.0142403802213	0.404548974409	0.521767482989	7.45693629046
bin.49	0.584474560514	0.0	1.84294902546	26.5718328539	1.52529562243	8.45684111554	0.0	2.226565138	0.69033286959	19.4507230483	3.17905279741	0.680172534813	3.41116857945	0.0112211439479	0.766737560798	23.8284122783	32.0691531497
bin.40	0.167060709123	0.0	0.136317297437	1.1537244353	0.323112152903	0.44648656806	0.000916436033918	0.150624004354	0.133258183778	1.09754175334	0.288225165698	0.134838815874	0.829416615066	0.509910271979	0.147595513858	34.8350781826	0.349304477965
bin.79	0.0716555150032	0.0	19.3194145658	0.452694560092	0.0757295027372	2.88879584901	0.00221101725332	18.2776177794	0.0500620667574	0.178361485457	12.5882281086	0.0461098898943	0.107979071882	0.00383935452828	0.0617272051781	0.717860766686	0.292022727283
bin.18	0.0515247781953	0.0273911421236	0.0478052984934	0.0320589232912	0.0376764977903	0.0602647203436	0.0211359771345	0.0538725710949	0.0463447119528	0.0203990278289	0.094288943124	0.0521084149526	0.0376902419713	191.615101503	0.0413082247939	0.0273452878047	0.0288539735332
bin.28	0.0628557702494	0.0	0.206643222214	1.40576716065	0.0860938341909	50.1134209663	0.0	0.349307863389	0.0462386727273	0.348993766531	0.148614749529	0.0545299743787	0.127125929096	0.0231459124138	0.0524527009444	4.38226918842	0.676075827303
bin.35	0.189442776479	0.0	29.2229603502	1.20825465467	0.271495545209	0.907928268245	0.00187346586629	29.1249720851	0.256535645303	0.843774509087	10.9880338134	0.232055088916	0.270935815553	1.06549060628e-09	0.270927607877	1.52468689148	1.01303300452
bin.30	11.1618471661	0.0113014114139	0.074434915471	0.0463898138303	10.1498323265	0.0617492664357	0.0	0.0579126474032	12.2297839943	0.282524759533	0.273304558799	12.6070350549	3.42931107504	0.0561116999238	14.103275555	0.0633870721832	0.085735925854
bin.60	0.534762808017	0.0	0.0175322362404	0.10019633123	3.84209134979	0.0553271175974	0.0	0.0234047782701	0.887975424607	4.4165929408	0.0515939499569	0.706809211389	10.307242099	0.0	0.765807008825	0.0332504024088	1.17626024794
bin.16	8.1962908036	0.00431447981461	0.00663040498264	0.00524825992311	9.76493044066	0.00814238431455	0.0	0.00704936355761	11.3188337422	0.306253207968	0.0586591297366	9.48770785134	6.64061259723	0.00306536875972	11.7421553255	0.00832170169478	0.00675351934187
bin.77	1.42085324044	0.891362749876	0.20743333403	1.90682412024	2.67468697712	0.855144577684	0.865481812417	0.219590992173	2.05953795719	6.71837703215	0.510912818793	1.97968384403	5.60003647703	0.152211535837	2.00992311362	0.530147309118	4.75273306304
bin.39	26.2221038267	0.00653298920306	0.0158431402784	0.0082262557203	43.1621137905	0.0139795859837	0.00147682995884	0.0177030559076	36.164900232	0.452029217	0.15184393933	29.8097491831	17.0970433974	0.00365813534775	42.1930985486	0.0203111424332	0.013625361604
bin.24	0.0201762070386	0.00306829761789	14.626079678	0.0204942466296	0.0231390856	1.22773212984	0.0	16.0430121136	0.0188583443081	0.0244826392566	6.58211195721	0.0191573055995	0.025595317545	0.00896899240246	0.0219920139038	0.0403903874144	0.019669699203
bin.55	0.0887295843047	0.0	0.0342038054655	8.04675875051	0.158612677406	0.0538619089016	0.000410020388593	0.0291837999661	0.0729256064456	2.39014595654	0.0458038178431	0.073764028212	0.473403244582	0.00939356898447	0.0784347634482	0.551834961424	8.39457440134
bin.50	0.39132529289	0.0	0.220384826887	7.22519151395	1.32894316959	0.968628066007	0.00191608737919	0.258927731637	0.573074599695	6.32848950572	0.284257825982	0.470293294478	3.24348574379	0.0	0.540314583238	5.50614565413	4.58558664481
bin.71	3.31402940051	0.0	0.262530018082	0.461147114201	4.6712702246	0.650012943913	0.0	0.239297302234	4.78033271401	20.3271222703	0.924597132237	4.14900844859	8.23483040713	0.0381926150447	4.96738284985	0.0622404041813	4.05769043233
bin.87	0.831216893475	0.0	6.4266185887	4.08726036545	1.4644792558	4.50225647173	0.00294916563135	6.01134820756	1.29427483834	3.93429612636	7.91586829882	0.976115868749	1.27831035576	0.0162500234438	1.0527812056	5.25747476583	3.24151212564
bin.67	8.62633154172	0.0	0.00597914499066	0.00748440921336	4.65982202405	0.00732265860556	0.0	0.0102108557365	11.3742439854	0.162974320853	0.0415643576854	10.0752677937	2.87285472994	0.00829840571215	10.7353500267	0.00682458379676	0.015015056015
bin.2	1.49645730525	0.0	0.039138657848	0.0993959149554	5.32410647316	0.179499799438	0.000566133774546	0.0441562113444	1.56260118274	1.09919915324	0.236958849698	1.49960262881	17.0713546506	0.0196866187159	1.2392983659	0.0523027058607	0.144107168738
bin.5	0.216972700758	0.0	0.356651137426	9.26024294502	0.496309699963	1.46886029495	0.000634536411529	0.388414628414	0.221751686621	2.71944648729	0.0326557851291	0.193183333786	2.20935026074	0.00355606242132	0.189008092966	4.24741055551	8.63102522157
bin.11	2.1070845647	0.0072983613749	9.11848203037	10.7557797879	4.91230214092	20.2946626388	0.00543821091919	7.52231431709	2.85422108298	16.7570620249	4.97916170977	2.46547391791	6.94023900005	0.00999814493138	2.65181601153	9.4533805874	10.3106750369
bin.31	0.259378945882	0.00178405109452	0.124997962979	26.2622100093	0.755028060865	0.66265842529	0.00154678367732	0.152747021949	0.242408653824	7.9427610766	0.184338074002	0.285838570664	1.43140487114	0.0203075710662	0.304149994867	4.74651456566	29.8052804898
bin.7	2.0397319257	0.00391348378271	0.515908355385	0.332730254687	6.59991707543	0.410674835866	0.0	0.448929533974	3.57312656001	5.13215358468	0.502184666495	2.78340779897	8.79452906178	0.00546315241816	3.22199161662	0.359008436942	0.957352394559
bin.58	6.17167659394	0.00307790016675	0.0330991956598	0.679810528377	3.83261967252	0.0728805284361	0.0	0.0447538782817	8.83135684092	2.83002410548	0.145860286172	7.25432802263	2.19155575221	0.00428710449114	8.72787359301	0.089895371799	4.11764247162
bin.72	1.25139475159	0.00376251347497	0.114040176343	0.309270009138	5.31230715593	0.718886530202	0.00244815957227	0.123401150674	1.9264832043	10.2544832985	0.479604785989	1.43146550457	10.5052183012	0.0215412781752	1.90976180974	0.227623069378	1.3979316971
bin.69	1.08146255055	0.0	0.0897818532612	4.76695338794	2.42925197469	0.383721875013	0.0	0.0814596956891	1.48661303558	8.07586793247	0.210425782233	1.25228895017	3.06748291392	0.0116960695168	1.33296481699	2.55785581795	8.38242640808
bin.21	0.532946037343	0.0	0.741390523031	33.6719768695	2.52869870883	15.1875114301	0.0	0.754662119469	0.776313853979	23.3367498061	0.452471482201	0.660811582952	8.23741269644	0.00813509877846	0.745453581287	46.4778322781	25.9464730317
bin.65	5.4894265071	0.0	1.24467628438	10.0874316742	14.9751053488	3.01620485938	0.00852828646927	1.06657578457	8.83383558007	27.3097170707	0.976149657931	6.97354822889	22.2539731452	0.0278377008614	8.65208498933	9.2230666401	16.5449038546
bin.51	0.426625163358	0.0	1.33043894013	18.8241779608	2.38744151026	27.1385058569	0.0	1.14668187245	0.681711769225	16.7512588189	0.647938219922	0.59782128091	6.1479321877	0.00789373749658	0.612799508298	31.9196580484	22.224911591
bin.75	0.271242524471	0.0	15.69898037	12.0224672571	0.305582500345	6.26937205818	0.00227128221773	15.7607924994	0.283345499955	2.78041788014	4.7555174936	0.25118563672	0.608308185992	0.036715563929	0.214989899523	15.8154531882	6.97975430341
bin.47	1.59918959798	0.0	0.00737511277743	0.0126958048662	8.18797429775	0.417266147291	0.00105762959683	0.0114702425076	1.91467120128	0.903778412362	0.0514916832995	1.67895067483	8.31197129258	0.00208164321568	2.15376869558	0.020640569741	0.024548214195
bin.57	7.66851825127	0.00317076771125	0.0190046605785	0.0244908577935	22.1655943996	0.0530004287755	0.00173758878352	0.0222092339543	6.00856184535	5.7933561222	0.0847771088049	7.75444790366	26.356685772	0.00237313579848	7.03810703992	0.014433649038	0.0422654043919
bin.23	2.04204685527	0.00737703728612	1.44806131253	84.1954500236	1.12145820992	2.43109400349	0.00280336201836	1.63374680875	1.41684988296	36.9229930456	23.5194199733	1.94569646407	1.4815594807	0.0543446904952	1.66043483021	5.37162787622	96.3495073179
